pt, ht_x, ht_y, ht_z, hp_x, hp_y, hp_z, dist,jt_x, jt_y, jt_z, jt_q, jp_x, jp_y, jp_z, jp_q ,dist
1,178.323,-34.3701,351.907,147.514,30.2759,398.073,85.2034,jt,0.613331,-3.4458e-05,-0.213208,-0.668768,jd
1,182.315,-45.6448,349.81,147.514,30.2759,398.073,96.4594,jt,0.613331,-3.4458e-05,-0.213208,-0.668768,jd
1,180.286,-54.7711,369.196,147.514,30.2759,398.073,95.6082,jt,0.613331,-3.4458e-05,-0.213208,-0.668768,jd
1,178.99,-55.9706,379.301,147.514,30.2759,398.073,93.7101,jt,0.613331,-3.4458e-05,-0.213208,-0.668768,jd
1,177.01,-56.5473,389.898,147.514,30.2759,398.073,92.0605,jt,0.613331,-3.4458e-05,-0.213208,-0.668768,jd
1,176.217,-59.7021,400.159,147.514,30.2759,398.073,94.4684,jt,0.613331,-3.4458e-05,-0.213208,-0.668768,jd
1,174.293,-60.8565,414.811,147.514,30.2759,398.073,96.4492,jt,0.613331,-3.4458e-05,-0.213208,-0.668768,jd
1,169.438,-60.8257,425.095,147.514,30.2759,398.073,97.5212,jt,0.613331,-3.4458e-05,-0.213208,-0.668768,jd
1,165.059,-63.0044,432.256,147.514,30.2759,398.073,100.884,jt,0.613331,-3.4458e-05,-0.213208,-0.668768,jd
1,159.767,-74.3962,440.295,147.514,30.2759,398.073,113.53,jt,0.613331,-3.4458e-05,-0.213208,-0.668768,jd
1,149.737,-87.9738,441.907,147.514,30.2759,398.073,126.132,jt,0.613331,-3.4458e-05,-0.213208,-0.668768,jd
1,125.707,-93.0921,446.648,98.9201,32.6413,421.395,131.012,jt,0.134905,0.140372,-0.444943,-1.38497,jd
1,112.266,-101.15,456.034,98.9201,32.6413,421.395,138.846,jt,0.134905,0.140372,-0.444943,-1.38497,jd
1,104.61,-100.944,451.865,98.9201,32.6413,421.395,137.134,jt,0.134905,0.140372,-0.444943,-1.38497,jd
1,106.955,-101.489,422.428,98.9201,32.6413,421.395,134.375,jt,0.134905,0.140372,-0.444943,-1.38497,jd
1,102.648,-97.9005,406.344,98.9201,32.6413,421.395,131.459,jt,0.134905,0.140372,-0.444943,-1.38497,jd
1,98.2501,-100.629,392.635,98.9201,32.6413,421.395,136.34,jt,0.134905,0.140372,-0.444943,-1.38497,jd
1,93.6678,-92.6234,381.387,80.4152,17.5436,322.31,125.708,jt,0.613331,-3.4458e-05,-0.213208,-0.668768,jd
1,91.5697,-90.2668,375.803,80.4152,17.5436,322.31,120.868,jt,0.613331,-3.4458e-05,-0.213208,-0.668768,jd
1,90.507,-85.9983,366.988,80.4152,17.5436,322.31,113.221,jt,0.613331,-3.4458e-05,-0.213208,-0.668768,jd
1,88.858,-78.7398,356.334,80.4152,17.5436,322.31,102.467,jt,0.613331,-3.4458e-05,-0.213208,-0.668768,jd
1,87.773,-73.2039,351.115,80.4152,17.5436,322.31,95.4933,jt,0.613331,-3.4458e-05,-0.213208,-0.668768,jd
1,90.6494,-65.711,350.072,80.4152,17.5436,322.31,88.356,jt,0.613331,-3.4458e-05,-0.213208,-0.668768,jd
1,97.3199,-62.892,343.694,80.4152,17.5436,322.31,84.9291,jt,0.613331,-3.4458e-05,-0.213208,-0.668768,jd
1,100.982,-56.85,341.543,80.4152,17.5436,322.31,79.5446,jt,0.613331,-3.4458e-05,-0.213208,-0.668768,jd
1,108.071,-48.2682,334.299,80.4152,17.5436,322.31,72.3864,jt,0.613331,-3.4458e-05,-0.213208,-0.668768,jd
1,114.404,-40.1241,325.883,80.4152,17.5436,322.31,67.0341,jt,0.613331,-3.4458e-05,-0.213208,-0.668768,jd
1,116.885,-36.8099,320.015,80.4152,17.5436,322.31,65.4953,jt,0.613331,-3.4458e-05,-0.213208,-0.668768,jd
1,119.233,-30.9504,318.353,80.4152,17.5436,322.31,62.2426,jt,0.613331,-3.4458e-05,-0.213208,-0.668768,jd
1,119.117,-25.2345,313.634,124.16,30.8147,327.907,58.0575,jt,0.613331,-3.4458e-05,-0.213208,-0.668768,jd
1,115.111,-22.9036,305.311,80.4152,17.5436,322.31,55.935,jt,0.613331,-3.4458e-05,-0.213208,-0.668768,jd
1,110.802,-23.7885,298.59,80.4152,17.5436,322.31,56.5184,jt,0.613331,-3.4458e-05,-0.213208,-0.668768,jd
1,109.237,-23.6217,290.399,80.4152,17.5436,322.31,59.5278,jt,0.613331,-3.4458e-05,-0.213208,-0.668768,jd
1,106.993,-24.281,286.442,80.4152,17.5436,322.31,61.1734,jt,0.613331,-3.4458e-05,-0.213208,-0.668768,jd
1,105.058,-22.2903,283.429,80.4152,17.5436,322.31,60.8745,jt,0.613331,-3.4458e-05,-0.213208,-0.668768,jd
1,105.223,-18.3147,282.315,80.4152,17.5436,322.31,59.1678,jt,0.613331,-3.4458e-05,-0.213208,-0.668768,jd
1,107.981,-15.9815,277.585,80.4152,17.5436,322.31,62.3224,jt,0.613331,-3.4458e-05,-0.213208,-0.668768,jd
1,108.998,-11.116,279.125,80.4152,17.5436,322.31,59.1885,jt,0.613331,-3.4458e-05,-0.213208,-0.668768,jd
1,124.931,-9.09144,294.242,124.16,30.8147,327.907,52.2154,jt,0.613331,-3.4458e-05,-0.213208,-0.668768,jd
1,140.041,-12.1944,298.29,124.16,30.8147,327.907,54.5817,jt,0.613331,-3.4458e-05,-0.213208,-0.668768,jd
1,147.432,-12.5738,303.656,124.16,30.8147,327.907,54.8842,jt,0.613331,-3.4458e-05,-0.213208,-0.668768,jd
1,152.544,-10.9252,314.955,124.16,30.8147,327.907,52.112,jt,0.613331,-3.4458e-05,-0.213208,-0.668768,jd
1,157.892,-12.31,325.915,124.16,30.8147,327.907,54.7868,jt,0.613331,-3.4458e-05,-0.213208,-0.668768,jd
1,162.671,-16.3899,339.809,124.16,30.8147,327.907,62.0729,jt,0.613331,-3.4458e-05,-0.213208,-0.668768,jd
1,168.371,-19.7647,356.04,147.514,30.2759,398.073,68.5994,jt,0.613331,-3.4458e-05,-0.213208,-0.668768,jd
1,175.797,-24.0665,368.504,147.514,30.2759,398.073,68.0243,jt,0.613331,-3.4458e-05,-0.213208,-0.668768,jd
1,182.338,-26.7269,378.956,147.514,30.2759,398.073,69.48,jt,0.613331,-3.4458e-05,-0.213208,-0.668768,jd
1,188.247,-28.9942,399.514,147.514,30.2759,398.073,71.9318,jt,0.613331,-3.4458e-05,-0.213208,-0.668768,jd
1,180.478,-29.5497,413.594,147.514,30.2759,398.073,70.0473,jt,0.613331,-3.4458e-05,-0.213208,-0.668768,jd
1,181.879,-32.6289,430.221,147.514,30.2759,398.073,78.5586,jt,0.613331,-3.4458e-05,-0.213208,-0.668768,jd
1,177.676,-33.7006,446.176,147.514,30.2759,398.073,85.5373,jt,0.613331,-3.4458e-05,-0.213208,-0.668768,jd
1,167.263,-32.3541,473.775,147.514,30.2759,398.073,100.216,jt,0.613331,-3.4458e-05,-0.213208,-0.668768,jd
1,167.832,-32.0206,487.416,147.514,30.2759,398.073,110.797,jt,0.613331,-3.4458e-05,-0.213208,-0.668768,jd
1,167.525,-28.0685,489.204,147.514,30.2759,398.073,110.042,jt,0.613331,-3.4458e-05,-0.213208,-0.668768,jd
1,156.879,-31.349,483.957,147.514,30.2759,398.073,106.12,jt,0.613331,-3.4458e-05,-0.213208,-0.668768,jd
1,156.146,-26.7706,480.048,147.514,30.2759,398.073,100.243,jt,0.613331,-3.4458e-05,-0.213208,-0.668768,jd
1,156.875,-19.5837,483.826,147.514,30.2759,398.073,99.635,jt,0.613331,-3.4458e-05,-0.213208,-0.668768,jd
1,159.161,-3.43979,485.215,178.846,77.0887,447.611,91.0294,jt,-0.324245,0.0703965,-0.400543,-0.252805,jd
1,157.288,-5.12745,471.867,147.514,30.2759,398.073,82.4285,jt,0.613331,-3.4458e-05,-0.213208,-0.668768,jd
1,155.879,6.96634,473.268,178.846,77.0887,447.611,78.121,jt,-0.324245,0.0703965,-0.400543,-0.252805,jd
1,173.751,13.7691,469.894,178.846,77.0887,447.611,67.319,jt,-0.324245,0.0703965,-0.400543,-0.252805,jd
1,196.402,2.93358,452.256,178.846,77.0887,447.611,76.3465,jt,-0.324245,0.0703965,-0.400543,-0.252805,jd
1,192.403,2.01419,442.932,147.514,30.2759,398.073,69.4706,jt,0.613331,-3.4458e-05,-0.213208,-0.668768,jd
1,183.797,5.6197,438.751,147.514,30.2759,398.073,59.826,jt,0.613331,-3.4458e-05,-0.213208,-0.668768,jd
1,174.407,6.16962,427.903,147.514,30.2759,398.073,46.8421,jt,0.613331,-3.4458e-05,-0.213208,-0.668768,jd
1,164.784,7.24778,428.977,147.514,30.2759,398.073,42.2328,jt,0.613331,-3.4458e-05,-0.213208,-0.668768,jd
1,162.575,3.47532,417.612,147.514,30.2759,398.073,36.4264,jt,0.613331,-3.4458e-05,-0.213208,-0.668768,jd
1,160.971,0.510053,405.959,147.514,30.2759,398.073,33.6048,jt,0.613331,-3.4458e-05,-0.213208,-0.668768,jd
1,160.134,-2.14869,390.748,147.514,30.2759,398.073,35.5565,jt,0.613331,-3.4458e-05,-0.213208,-0.668768,jd
1,161.969,-3.20309,378.198,147.514,30.2759,398.073,41.5306,jt,0.613331,-3.4458e-05,-0.213208,-0.668768,jd
1,190.881,-3.02861,373.505,147.514,30.2759,398.073,59.9453,jt,0.613331,-3.4458e-05,-0.213208,-0.668768,jd
1,207.342,-0.394614,374.901,147.514,30.2759,398.073,71.1127,jt,0.613331,-3.4458e-05,-0.213208,-0.668768,jd
1,195.234,5.85621,394.991,147.514,30.2759,398.073,53.6942,jt,0.613331,-3.4458e-05,-0.213208,-0.668768,jd
1,191.026,-5.98929,429.099,147.514,30.2759,398.073,64.5842,jt,0.613331,-3.4458e-05,-0.213208,-0.668768,jd
1,181.132,4.48023,436.537,147.514,30.2759,398.073,57.2283,jt,0.613331,-3.4458e-05,-0.213208,-0.668768,jd
1,180.18,19.6607,435.086,147.514,30.2759,398.073,50.4949,jt,0.613331,-3.4458e-05,-0.213208,-0.668768,jd
1,181.88,11.6474,450.71,147.514,30.2759,398.073,65.5646,jt,0.613331,-3.4458e-05,-0.213208,-0.668768,jd
1,200.126,6.30117,446.789,178.846,77.0887,447.611,73.9214,jt,-0.324245,0.0703965,-0.400543,-0.252805,jd
1,197.688,8.45093,469.55,178.846,77.0887,447.611,74.4813,jt,-0.324245,0.0703965,-0.400543,-0.252805,jd
1,180.566,25.8571,478.383,178.846,77.0887,447.611,59.7875,jt,-0.324245,0.0703965,-0.400543,-0.252805,jd
1,208.932,-5.21194,476.403,178.846,77.0887,447.611,92.2361,jt,-0.324245,0.0703965,-0.400543,-0.252805,jd
1,209.154,-12.208,484.236,178.846,77.0887,447.611,101.163,jt,-0.324245,0.0703965,-0.400543,-0.252805,jd
1,214.007,-12.1046,492.29,178.846,77.0887,447.611,105.773,jt,-0.324245,0.0703965,-0.400543,-0.252805,jd
1,202.629,-4.62865,488.026,178.846,77.0887,447.611,94.2164,jt,-0.324245,0.0703965,-0.400543,-0.252805,jd
1,208.815,6.1757,494.788,178.846,77.0887,447.611,90.291,jt,-0.324245,0.0703965,-0.400543,-0.252805,jd
1,207.478,15.0349,505.73,178.846,77.0887,447.611,89.7121,jt,-0.324245,0.0703965,-0.400543,-0.252805,jd
1,197.34,16.9525,499.44,178.846,77.0887,447.611,81.5148,jt,-0.324245,0.0703965,-0.400543,-0.252805,jd
1,184.157,7.95721,490.544,178.846,77.0887,447.611,81.5514,jt,-0.324245,0.0703965,-0.400543,-0.252805,jd
1,177.33,6.8665,496.065,178.846,77.0887,447.611,85.3303,jt,-0.324245,0.0703965,-0.400543,-0.252805,jd
1,178.851,-0.018297,496.23,178.846,77.0887,447.611,91.155,jt,-0.324245,0.0703965,-0.400543,-0.252805,jd
1,172.073,-13.9415,475.568,147.514,30.2759,398.073,92.5406,jt,0.613331,-3.4458e-05,-0.213208,-0.668768,jd
1,168.04,-27.857,469.899,147.514,30.2759,398.073,94.6561,jt,0.613331,-3.4458e-05,-0.213208,-0.668768,jd
1,161.945,-30.4634,455.815,147.514,30.2759,398.073,85.0395,jt,0.613331,-3.4458e-05,-0.213208,-0.668768,jd
1,156.125,-32.9788,431.357,147.514,30.2759,398.073,71.994,jt,0.613331,-3.4458e-05,-0.213208,-0.668768,jd
1,155.167,-37.6013,416.397,147.514,30.2759,398.073,70.7224,jt,0.613331,-3.4458e-05,-0.213208,-0.668768,jd
1,153.151,-36.8129,403.671,147.514,30.2759,398.073,67.5576,jt,0.613331,-3.4458e-05,-0.213208,-0.668768,jd
1,152.775,-28.446,388.113,147.514,30.2759,398.073,59.7925,jt,0.613331,-3.4458e-05,-0.213208,-0.668768,jd
1,150.965,-22.0811,378.355,147.514,30.2759,398.073,56.0534,jt,0.613331,-3.4458e-05,-0.213208,-0.668768,jd
1,146.665,-14.9756,367.492,147.514,30.2759,398.073,54.6227,jt,0.613331,-3.4458e-05,-0.213208,-0.668768,jd
1,155.063,16.2885,328.611,124.16,30.8147,327.907,34.1544,jt,0.613331,-3.4458e-05,-0.213208,-0.668768,jd
1,160.091,22.3888,315.393,124.16,30.8147,327.907,38.9697,jt,0.613331,-3.4458e-05,-0.213208,-0.668768,jd
1,160.86,18.0457,311.68,124.16,30.8147,327.907,42.11,jt,0.613331,-3.4458e-05,-0.213208,-0.668768,jd
1,169.456,19.9201,325.227,124.16,30.8147,327.907,46.6653,jt,0.613331,-3.4458e-05,-0.213208,-0.668768,jd
1,149.392,32.332,317.473,124.16,30.8147,327.907,27.3466,jt,0.613331,-3.4458e-05,-0.213208,-0.668768,jd
1,148.748,44.011,313.497,124.16,30.8147,327.907,31.4068,jt,0.613331,-3.4458e-05,-0.213208,-0.668768,jd
1,156.474,51.8576,296.251,145.843,82.8003,313.401,36.9407,jt,1.15249,0.202583,-0.35138,-0.21339,jd
1,155.776,25.0377,300.425,124.16,30.8147,327.907,42.288,jt,0.613331,-3.4458e-05,-0.213208,-0.668768,jd
1,143.431,-18.6259,301.212,124.16,30.8147,327.907,59.4,jt,0.613331,-3.4458e-05,-0.213208,-0.668768,jd
1,141.919,-37.0618,307.665,124.16,30.8147,327.907,73.023,jt,0.613331,-3.4458e-05,-0.213208,-0.668768,jd
1,130.561,-30.5826,319.164,124.16,30.8147,327.907,62.3462,jt,0.613331,-3.4458e-05,-0.213208,-0.668768,jd
1,118.919,-21.6518,314.238,124.16,30.8147,327.907,54.4707,jt,0.613331,-3.4458e-05,-0.213208,-0.668768,jd
1,113.777,-19.0747,316.099,80.4152,17.5436,322.31,49.9246,jt,0.613331,-3.4458e-05,-0.213208,-0.668768,jd
1,108.68,-20.6492,309.699,80.4152,17.5436,322.31,49.1592,jt,0.613331,-3.4458e-05,-0.213208,-0.668768,jd
1,106.846,-18.8892,316.87,80.4152,17.5436,322.31,45.3379,jt,0.613331,-3.4458e-05,-0.213208,-0.668768,jd
1,115.811,-21.8737,317.167,80.4152,17.5436,322.31,53.2264,jt,0.613331,-3.4458e-05,-0.213208,-0.668768,jd
1,118.863,-28.4702,304.943,80.4152,17.5436,322.31,62.427,jt,0.613331,-3.4458e-05,-0.213208,-0.668768,jd
1,120.23,-33.0531,305.18,80.4152,17.5436,322.31,66.6235,jt,0.613331,-3.4458e-05,-0.213208,-0.668768,jd
1,129.493,-36.8555,315.268,124.16,30.8147,327.907,69.0468,jt,0.613331,-3.4458e-05,-0.213208,-0.668768,jd
1,136.903,-39.3531,339.376,124.16,30.8147,327.907,72.2321,jt,0.613331,-3.4458e-05,-0.213208,-0.668768,jd
1,142.15,-41.4524,362.45,147.514,30.2759,398.073,80.2665,jt,0.613331,-3.4458e-05,-0.213208,-0.668768,jd
1,141.928,-42.3347,376.222,147.514,30.2759,398.073,76.0328,jt,0.613331,-3.4458e-05,-0.213208,-0.668768,jd
1,139.227,-42.3285,399.229,147.514,30.2759,398.073,73.085,jt,0.613331,-3.4458e-05,-0.213208,-0.668768,jd
1,129.747,-42.3675,417.315,147.514,30.2759,398.073,77.2205,jt,0.613331,-3.4458e-05,-0.213208,-0.668768,jd
1,143.071,-51.5866,427.65,147.514,30.2759,398.073,87.155,jt,0.613331,-3.4458e-05,-0.213208,-0.668768,jd
1,142.566,-56.258,442.775,147.514,30.2759,398.073,97.5237,jt,0.613331,-3.4458e-05,-0.213208,-0.668768,jd
1,138.528,-55.1019,455.848,98.9201,32.6413,421.395,102.248,jt,0.134905,0.140372,-0.444943,-1.38497,jd
1,135.339,-55.6437,471.566,98.9201,32.6413,421.395,107.878,jt,0.134905,0.140372,-0.444943,-1.38497,jd
1,143.898,-47.8778,483.935,98.9201,32.6413,421.395,111.434,jt,0.134905,0.140372,-0.444943,-1.38497,jd
1,145.446,-30.4827,484.435,98.9201,32.6413,421.395,100.615,jt,0.134905,0.140372,-0.444943,-1.38497,jd
1,150.515,-10.8979,486.063,98.9201,32.6413,421.395,93.4861,jt,0.134905,0.140372,-0.444943,-1.38497,jd
1,151.472,8.21053,485.291,178.846,77.0887,447.611,83.1461,jt,-0.324245,0.0703965,-0.400543,-0.252805,jd
1,138.776,5.90113,482.239,98.9201,32.6413,421.395,77.4953,jt,0.134905,0.140372,-0.444943,-1.38497,jd
1,145.692,2.36735,476.592,98.9201,32.6413,421.395,78.4272,jt,0.134905,0.140372,-0.444943,-1.38497,jd
1,155.71,8.706,480.131,178.846,77.0887,447.611,79.1773,jt,-0.324245,0.0703965,-0.400543,-0.252805,jd
1,171.063,-20.8069,489.985,178.846,77.0887,447.611,106.957,jt,-0.324245,0.0703965,-0.400543,-0.252805,jd
1,172.392,-0.990854,481.394,178.846,77.0887,447.611,85.319,jt,-0.324245,0.0703965,-0.400543,-0.252805,jd
1,172.867,12.7818,471.051,178.846,77.0887,447.611,68.7063,jt,-0.324245,0.0703965,-0.400543,-0.252805,jd
1,170.157,14.383,458.559,178.846,77.0887,447.611,64.2445,jt,-0.324245,0.0703965,-0.400543,-0.252805,jd
1,166.661,15.3692,444.845,147.514,30.2759,398.073,52.692,jt,0.613331,-3.4458e-05,-0.213208,-0.668768,jd
1,159.821,13.0144,434.502,147.514,30.2759,398.073,42.1487,jt,0.613331,-3.4458e-05,-0.213208,-0.668768,jd
1,153.279,5.77932,418.645,147.514,30.2759,398.073,32.5042,jt,0.613331,-3.4458e-05,-0.213208,-0.668768,jd
1,152.566,1.69368,403.203,147.514,30.2759,398.073,29.4751,jt,0.613331,-3.4458e-05,-0.213208,-0.668768,jd
1,152.329,-5.59769,390.554,147.514,30.2759,398.073,36.9681,jt,0.613331,-3.4458e-05,-0.213208,-0.668768,jd
1,149.755,-11.2711,380.84,147.514,30.2759,398.073,45.035,jt,0.613331,-3.4458e-05,-0.213208,-0.668768,jd
1,148.449,-15.4174,372.048,147.514,30.2759,398.073,52.5932,jt,0.613331,-3.4458e-05,-0.213208,-0.668768,jd
1,146.904,-18.1912,363.075,147.514,30.2759,398.073,59.7855,jt,0.613331,-3.4458e-05,-0.213208,-0.668768,jd
1,144.271,-17.0809,361.71,147.514,30.2759,398.073,59.7953,jt,0.613331,-3.4458e-05,-0.213208,-0.668768,jd
1,145.878,-17.7142,370.397,147.514,30.2759,398.073,55.423,jt,0.613331,-3.4458e-05,-0.213208,-0.668768,jd
1,146.21,-22.8471,370.513,147.514,30.2759,398.073,59.8608,jt,0.613331,-3.4458e-05,-0.213208,-0.668768,jd
1,147.141,-24.2004,372.143,147.514,30.2759,398.073,60.3337,jt,0.613331,-3.4458e-05,-0.213208,-0.668768,jd
1,625.737,-48.6026,184.103,174.847,79.6604,378.099,507.334,jt,-0.324245,0.0703965,-0.400543,-0.252805,jd
1,676.158,-51.2164,154.792,174.847,79.6604,378.099,564.187,jt,-0.324245,0.0703965,-0.400543,-0.252805,jd
1,694.147,-56.0983,169.414,174.847,79.6604,378.099,575.893,jt,-0.324245,0.0703965,-0.400543,-0.252805,jd
1,590.018,-39.7386,201.346,174.847,79.6604,378.099,466.76,jt,-0.324245,0.0703965,-0.400543,-0.252805,jd
1,561.625,-31.1567,173.757,174.847,79.6604,378.099,451.258,jt,-0.324245,0.0703965,-0.400543,-0.252805,jd
1,492.613,-2.56798,163.592,145.843,82.8003,313.401,387.272,jt,1.15249,0.202583,-0.35138,-0.21339,jd
1,449.972,-12.7358,139.706,145.843,82.8003,313.401,363.03,jt,1.15249,0.202583,-0.35138,-0.21339,jd
1,443.044,-23.1803,122.488,145.843,82.8003,313.401,368.793,jt,1.15249,0.202583,-0.35138,-0.21339,jd
1,441.912,-1.35619,129.068,145.843,82.8003,313.401,358.773,jt,1.15249,0.202583,-0.35138,-0.21339,jd
1,458.822,58.4835,101.535,145.843,82.8003,313.401,378.727,jt,1.15249,0.202583,-0.35138,-0.21339,jd
1,465.24,73.1841,121.186,145.843,82.8003,313.401,372.899,jt,1.15249,0.202583,-0.35138,-0.21339,jd
1,585.969,32.8795,213.104,174.847,79.6604,378.099,445.459,jt,-0.324245,0.0703965,-0.400543,-0.252805,jd
1,530.376,36.9182,349.571,174.847,79.6604,378.099,359.224,jt,-0.324245,0.0703965,-0.400543,-0.252805,jd
1,572.85,44.4433,414.339,178.846,77.0887,447.611,396.752,jt,-0.324245,0.0703965,-0.400543,-0.252805,jd
1,580.204,57.5518,511.566,178.846,77.0887,447.611,406.891,jt,-0.324245,0.0703965,-0.400543,-0.252805,jd
1,533.336,67.4751,488.6,178.846,77.0887,447.611,356.981,jt,-0.324245,0.0703965,-0.400543,-0.252805,jd
1,522.216,53.024,522.733,178.846,77.0887,447.611,352.314,jt,-0.324245,0.0703965,-0.400543,-0.252805,jd
1,517.668,38.339,559.363,178.846,77.0887,447.611,358.873,jt,-0.324245,0.0703965,-0.400543,-0.252805,jd
1,499.13,37.0012,502.641,178.846,77.0887,447.611,327.44,jt,-0.324245,0.0703965,-0.400543,-0.252805,jd
1,500.889,27.6391,437.688,178.846,77.0887,447.611,325.968,jt,-0.324245,0.0703965,-0.400543,-0.252805,jd
1,490.482,5.88036,507.189,178.846,77.0887,447.611,325.172,jt,-0.324245,0.0703965,-0.400543,-0.252805,jd
1,493.903,19.5308,554.631,178.846,77.0887,447.611,337.679,jt,-0.324245,0.0703965,-0.400543,-0.252805,jd
1,504.948,18.1524,558.046,178.846,77.0887,447.611,349.302,jt,-0.324245,0.0703965,-0.400543,-0.252805,jd
1,466.986,1.51239,415.684,178.846,77.0887,447.611,299.593,jt,-0.324245,0.0703965,-0.400543,-0.252805,jd
1,433.722,-5.64822,312.685,174.847,79.6604,378.099,280.309,jt,-0.324245,0.0703965,-0.400543,-0.252805,jd
1,415.875,-18.8835,267.029,174.847,79.6604,378.099,283.094,jt,-0.324245,0.0703965,-0.400543,-0.252805,jd
1,375.024,-29.5485,204.294,145.843,82.8003,313.401,277.58,jt,1.15249,0.202583,-0.35138,-0.21339,jd
1,335.421,-60.6112,140.794,145.843,82.8003,313.401,293.769,jt,1.15249,0.202583,-0.35138,-0.21339,jd
1,335.478,-65.9321,87.9193,145.843,82.8003,313.401,330.038,jt,1.15249,0.202583,-0.35138,-0.21339,jd
1,334.268,-102.605,69.2152,124.16,30.8147,327.907,358.982,jt,0.613331,-3.4458e-05,-0.213208,-0.668768,jd
1,333.897,-126.423,46.4124,124.16,30.8147,327.907,384.646,jt,0.613331,-3.4458e-05,-0.213208,-0.668768,jd
1,323.162,-130.778,50.9505,124.16,30.8147,327.907,377.384,jt,0.613331,-3.4458e-05,-0.213208,-0.668768,jd
1,319.458,-129.408,48.0132,124.16,30.8147,327.907,377.032,jt,0.613331,-3.4458e-05,-0.213208,-0.668768,jd
1,233.973,-76.1999,95.705,124.16,30.8147,327.907,278.261,jt,0.613331,-3.4458e-05,-0.213208,-0.668768,jd
1,229.878,-68.2742,99.9999,124.16,30.8147,327.907,270.068,jt,0.613331,-3.4458e-05,-0.213208,-0.668768,jd
1,227.857,-63.6512,102.251,124.16,30.8147,327.907,265.702,jt,0.613331,-3.4458e-05,-0.213208,-0.668768,jd
1,225.863,-60.566,110.87,124.16,30.8147,327.907,256.513,jt,0.613331,-3.4458e-05,-0.213208,-0.668768,jd
1,222.978,-31.5598,137.987,124.16,30.8147,327.907,222.992,jt,0.613331,-3.4458e-05,-0.213208,-0.668768,jd
1,240.499,34.5577,181.423,145.843,82.8003,313.401,169.427,jt,1.15249,0.202583,-0.35138,-0.21339,jd
1,294.511,89.0872,250.575,145.843,82.8003,313.401,161.521,jt,1.15249,0.202583,-0.35138,-0.21339,jd
1,325.96,83.8685,256.189,145.843,82.8003,313.401,188.988,jt,1.15249,0.202583,-0.35138,-0.21339,jd
1,334.872,90.1962,233.519,145.843,82.8003,313.401,205.348,jt,1.15249,0.202583,-0.35138,-0.21339,jd
1,353.234,190.814,367.038,160.363,164.866,395.986,196.749,jt,0.142956,0.421615,-1.06904,-0.240813,jd
1,385.277,110.9,342.338,174.847,79.6604,378.099,215.722,jt,-0.324245,0.0703965,-0.400543,-0.252805,jd
1,420.008,162.301,407.65,171.961,169.522,451.716,252.034,jt,-0.184454,0.505621,0.581217,-0.599048,jd
1,416.207,252.385,503.321,171.961,169.522,451.716,263.032,jt,-0.184454,0.505621,0.581217,-0.599048,jd
1,425.443,245.171,524.27,171.961,169.522,451.716,274.3,jt,-0.184454,0.505621,0.581217,-0.599048,jd
1,437.323,171.107,493.358,171.961,169.522,451.716,268.614,jt,-0.184454,0.505621,0.581217,-0.599048,jd
1,386.906,179.884,515.318,171.961,169.522,451.716,224.398,jt,-0.184454,0.505621,0.581217,-0.599048,jd
1,389.669,171.915,456.696,171.961,169.522,451.716,217.778,jt,-0.184454,0.505621,0.581217,-0.599048,jd
1,395.832,160.07,422.949,171.961,169.522,451.716,225.91,jt,-0.184454,0.505621,0.581217,-0.599048,jd
1,387.396,124.689,390.86,174.847,79.6604,378.099,217.641,jt,-0.324245,0.0703965,-0.400543,-0.252805,jd
1,393.642,91.0414,385.779,174.847,79.6604,378.099,219.225,jt,-0.324245,0.0703965,-0.400543,-0.252805,jd
1,412.497,65.9236,372.414,174.847,79.6604,378.099,238.115,jt,-0.324245,0.0703965,-0.400543,-0.252805,jd
1,430.928,75.0393,354.781,174.847,79.6604,378.099,257.182,jt,-0.324245,0.0703965,-0.400543,-0.252805,jd
1,416.773,42.0033,405.334,178.846,77.0887,447.611,244.188,jt,-0.324245,0.0703965,-0.400543,-0.252805,jd
1,406.182,40.2871,352.529,174.847,79.6604,378.099,236.051,jt,-0.324245,0.0703965,-0.400543,-0.252805,jd
1,404.32,40.0919,324.955,174.847,79.6604,378.099,238.848,jt,-0.324245,0.0703965,-0.400543,-0.252805,jd
1,400.475,43.5437,287.887,174.847,79.6604,378.099,245.664,jt,-0.324245,0.0703965,-0.400543,-0.252805,jd
1,398.551,35.2581,251.736,174.847,79.6604,378.099,260.735,jt,-0.324245,0.0703965,-0.400543,-0.252805,jd
1,417.497,42.3633,227.268,145.843,82.8003,313.401,287.837,jt,1.15249,0.202583,-0.35138,-0.21339,jd
1,452.243,41.4162,259.418,174.847,79.6604,378.099,304.132,jt,-0.324245,0.0703965,-0.400543,-0.252805,jd
1,477.336,21.618,323.349,174.847,79.6604,378.099,312.836,jt,-0.324245,0.0703965,-0.400543,-0.252805,jd
1,473.088,13.3238,307.291,174.847,79.6604,378.099,313.628,jt,-0.324245,0.0703965,-0.400543,-0.252805,jd
1,450.718,-23.4058,325.946,174.847,79.6604,378.099,299.078,jt,-0.324245,0.0703965,-0.400543,-0.252805,jd
1,424.279,-57.0425,300.478,174.847,79.6604,378.099,294.838,jt,-0.324245,0.0703965,-0.400543,-0.252805,jd
1,393.816,-55.2074,267.189,174.847,79.6604,378.099,280.068,jt,-0.324245,0.0703965,-0.400543,-0.252805,jd
1,368.282,-55.9201,233.143,145.843,82.8003,313.401,274.16,jt,1.15249,0.202583,-0.35138,-0.21339,jd
1,357.899,-58.5828,207.587,145.843,82.8003,313.401,275.959,jt,1.15249,0.202583,-0.35138,-0.21339,jd
1,348.725,-49.7254,190.286,145.843,82.8003,313.401,271.812,jt,1.15249,0.202583,-0.35138,-0.21339,jd
1,352.542,-46.1188,146.023,145.843,82.8003,313.401,295.567,jt,1.15249,0.202583,-0.35138,-0.21339,jd
1,361.842,-57.1772,115.7,145.843,82.8003,313.401,324.554,jt,1.15249,0.202583,-0.35138,-0.21339,jd
1,369.043,-49.7233,104.142,145.843,82.8003,313.401,333.421,jt,1.15249,0.202583,-0.35138,-0.21339,jd
1,363.669,-23.8729,110.654,145.843,82.8003,313.401,316.123,jt,1.15249,0.202583,-0.35138,-0.21339,jd
1,363.789,-2.50379,143.988,145.843,82.8003,313.401,288.926,jt,1.15249,0.202583,-0.35138,-0.21339,jd
1,377.942,23.4259,189.2,145.843,82.8003,313.401,269.854,jt,1.15249,0.202583,-0.35138,-0.21339,jd
1,431.351,72.9226,234.138,174.847,79.6604,378.099,294.219,jt,-0.324245,0.0703965,-0.400543,-0.252805,jd
1,471.619,136.255,317.596,174.847,79.6604,378.099,308.119,jt,-0.324245,0.0703965,-0.400543,-0.252805,jd
1,530.44,177.377,325.375,174.847,79.6604,378.099,372.525,jt,-0.324245,0.0703965,-0.400543,-0.252805,jd
1,508.037,225.115,300.219,160.363,164.866,395.986,365.62,jt,0.142956,0.421615,-1.06904,-0.240813,jd
1,492.912,141.304,359.36,174.847,79.6604,378.099,324.526,jt,-0.324245,0.0703965,-0.400543,-0.252805,jd
1,477.335,158.824,270.695,174.847,79.6604,378.099,330.608,jt,-0.324245,0.0703965,-0.400543,-0.252805,jd
1,436.719,156.03,235.713,174.847,79.6604,378.099,307.707,jt,-0.324245,0.0703965,-0.400543,-0.252805,jd
1,399.548,142.74,216.206,145.843,82.8003,313.401,278.219,jt,1.15249,0.202583,-0.35138,-0.21339,jd
1,391.633,135.871,170.594,145.843,82.8003,313.401,289.177,jt,1.15249,0.202583,-0.35138,-0.21339,jd
1,384.867,135.3,141.497,145.843,82.8003,313.401,299.064,jt,1.15249,0.202583,-0.35138,-0.21339,jd
1,384.092,136.244,165.126,145.843,82.8003,313.401,285.665,jt,1.15249,0.202583,-0.35138,-0.21339,jd
1,409.99,140.664,184.938,145.843,82.8003,313.401,299.374,jt,1.15249,0.202583,-0.35138,-0.21339,jd
1,424.462,151.828,216.925,145.843,82.8003,313.401,302.822,jt,1.15249,0.202583,-0.35138,-0.21339,jd
1,444.592,140.825,242.797,174.847,79.6604,378.099,307.913,jt,-0.324245,0.0703965,-0.400543,-0.252805,jd
1,440.294,152.082,253.166,174.847,79.6604,378.099,302.185,jt,-0.324245,0.0703965,-0.400543,-0.252805,jd
1,483.215,172.632,274.77,174.847,79.6604,378.099,338.248,jt,-0.324245,0.0703965,-0.400543,-0.252805,jd
1,476.957,193.939,296.715,160.363,164.866,395.986,333.064,jt,0.142956,0.421615,-1.06904,-0.240813,jd
1,482.165,209.264,327.042,160.363,164.866,395.986,332.085,jt,0.142956,0.421615,-1.06904,-0.240813,jd
1,427.656,296.479,430.794,171.961,169.522,451.716,286.245,jt,-0.184454,0.505621,0.581217,-0.599048,jd
1,503.822,389.389,519.981,131.227,269.071,472.585,394.398,jt,-0.603429,1.0327,-0.378218,-0.113161,jd
1,472.678,312.403,443.23,171.961,169.522,451.716,333.043,jt,-0.184454,0.505621,0.581217,-0.599048,jd
1,448.488,356.546,473.806,131.227,269.071,472.585,329.101,jt,-0.603429,1.0327,-0.378218,-0.113161,jd
1,439.214,351.062,480.569,131.227,269.071,472.585,318.814,jt,-0.603429,1.0327,-0.378218,-0.113161,jd
1,433.493,343.68,481.485,131.227,269.071,472.585,311.465,jt,-0.603429,1.0327,-0.378218,-0.113161,jd
1,432.997,344.554,472.987,131.227,269.071,472.585,311.067,jt,-0.603429,1.0327,-0.378218,-0.113161,jd
1,445.496,343.683,457.912,131.227,269.071,472.585,323.337,jt,-0.603429,1.0327,-0.378218,-0.113161,jd
1,453.469,349.034,457.083,131.227,269.071,472.585,332.376,jt,-0.603429,1.0327,-0.378218,-0.113161,jd
1,452.676,341.866,462.255,171.961,169.522,451.716,329.568,jt,-0.184454,0.505621,0.581217,-0.599048,jd
1,453.614,345.316,461.483,131.227,269.071,472.585,331.466,jt,-0.603429,1.0327,-0.378218,-0.113161,jd
1,455.053,343.717,461.214,131.227,269.071,472.585,332.512,jt,-0.603429,1.0327,-0.378218,-0.113161,jd
1,451.299,343.166,454.937,171.961,169.522,451.716,328.927,jt,-0.184454,0.505621,0.581217,-0.599048,jd
1,452.651,337.349,454.766,171.961,169.522,451.716,327.051,jt,-0.184454,0.505621,0.581217,-0.599048,jd
1,462.191,333.498,456.935,171.961,169.522,451.716,333.39,jt,-0.184454,0.505621,0.581217,-0.599048,jd
1,495.304,291.854,426.484,171.961,169.522,451.716,346.631,jt,-0.184454,0.505621,0.581217,-0.599048,jd
1,483.814,212.799,427.503,171.961,169.522,451.716,315.772,jt,-0.184454,0.505621,0.581217,-0.599048,jd
1,516.642,156.248,408.587,171.961,169.522,451.716,347.622,jt,-0.184454,0.505621,0.581217,-0.599048,jd
1,447.066,63.6353,394.512,174.847,79.6604,378.099,273.184,jt,-0.324245,0.0703965,-0.400543,-0.252805,jd
1,410.851,15.6805,407.243,178.846,77.0887,447.611,243.365,jt,-0.324245,0.0703965,-0.400543,-0.252805,jd
1,460.356,-18.7219,372.535,174.847,79.6604,378.099,302.036,jt,-0.324245,0.0703965,-0.400543,-0.252805,jd
1,509.769,-42.8779,315.964,174.847,79.6604,378.099,362.007,jt,-0.324245,0.0703965,-0.400543,-0.252805,jd
1,456.298,-30.3695,417.472,178.846,77.0887,447.611,299.058,jt,-0.324245,0.0703965,-0.400543,-0.252805,jd
1,460.044,-15.9663,302.464,174.847,79.6604,378.099,310.165,jt,-0.324245,0.0703965,-0.400543,-0.252805,jd
1,207.697,-13.9535,433.559,147.514,30.2759,398.073,82.6893,jt,0.613331,-3.4458e-05,-0.213208,-0.668768,jd
1,206.394,-16.7319,426.936,147.514,30.2759,398.073,80.6823,jt,0.613331,-3.4458e-05,-0.213208,-0.668768,jd
1,204.001,-25.4899,422.006,147.514,30.2759,398.073,82.9062,jt,0.613331,-3.4458e-05,-0.213208,-0.668768,jd
1,584.373,-81.0016,374.92,174.847,79.6604,378.099,439.926,jt,-0.324245,0.0703965,-0.400543,-0.252805,jd
1,433.212,-65.2236,361.922,174.847,79.6604,378.099,296.658,jt,-0.324245,0.0703965,-0.400543,-0.252805,jd
1,419.189,-84.3237,416.828,178.846,77.0887,447.611,291.147,jt,-0.324245,0.0703965,-0.400543,-0.252805,jd
1,467.051,-61.8867,442.342,178.846,77.0887,447.611,320.007,jt,-0.324245,0.0703965,-0.400543,-0.252805,jd
1,429.186,-57.5734,426.741,178.846,77.0887,447.611,285.025,jt,-0.324245,0.0703965,-0.400543,-0.252805,jd
1,426.595,-62.7978,382.168,174.847,79.6604,378.099,289.289,jt,-0.324245,0.0703965,-0.400543,-0.252805,jd
1,500.81,-141.298,378.147,147.514,30.2759,398.073,393.259,jt,0.613331,-3.4458e-05,-0.213208,-0.668768,jd
1,596.748,-177.833,297.31,174.847,79.6604,378.099,500.83,jt,-0.324245,0.0703965,-0.400543,-0.252805,jd
1,521.403,-141.657,380.094,174.847,79.6604,378.099,411.202,jt,-0.324245,0.0703965,-0.400543,-0.252805,jd
1,479.217,-145.458,323.45,174.847,79.6604,378.099,382.5,jt,-0.324245,0.0703965,-0.400543,-0.252805,jd
1,456.88,-143.106,255.179,174.847,79.6604,378.099,379.838,jt,-0.324245,0.0703965,-0.400543,-0.252805,jd
1,435.733,-137.81,217.288,124.16,30.8147,327.907,371.146,jt,0.613331,-3.4458e-05,-0.213208,-0.668768,jd
1,424.948,-124.324,168.915,124.16,30.8147,327.907,373.925,jt,0.613331,-3.4458e-05,-0.213208,-0.668768,jd
1,418.597,-114.528,122.76,145.843,82.8003,313.401,386.881,jt,1.15249,0.202583,-0.35138,-0.21339,jd
1,402.572,-91.6217,75.0603,145.843,82.8003,313.401,391.33,jt,1.15249,0.202583,-0.35138,-0.21339,jd
1,358.157,-82.9523,56.5991,145.843,82.8003,313.401,372.154,jt,1.15249,0.202583,-0.35138,-0.21339,jd
1,321.784,-88.3085,45.6727,145.843,82.8003,313.401,363.197,jt,1.15249,0.202583,-0.35138,-0.21339,jd
1,280.812,-120.273,60.1681,124.16,30.8147,327.907,345.039,jt,0.613331,-3.4458e-05,-0.213208,-0.668768,jd
1,266.322,-141.202,84.5882,124.16,30.8147,327.907,330.157,jt,0.613331,-3.4458e-05,-0.213208,-0.668768,jd
1,264.37,-158.597,133.212,124.16,30.8147,327.907,305.682,jt,0.613331,-3.4458e-05,-0.213208,-0.668768,jd
1,270.899,-164.618,162.366,124.16,30.8147,327.907,295.178,jt,0.613331,-3.4458e-05,-0.213208,-0.668768,jd
1,283.55,-168.248,197.344,124.16,30.8147,327.907,286.493,jt,0.613331,-3.4458e-05,-0.213208,-0.668768,jd
1,300.525,-176.208,243.128,124.16,30.8147,327.907,284.87,jt,0.613331,-3.4458e-05,-0.213208,-0.668768,jd
1,306.51,-179.126,277.666,124.16,30.8147,327.907,282.579,jt,0.613331,-3.4458e-05,-0.213208,-0.668768,jd
1,312.766,-181.674,338.709,147.514,30.2759,398.073,275.237,jt,0.613331,-3.4458e-05,-0.213208,-0.668768,jd
1,302.331,-197.965,374.459,147.514,30.2759,398.073,276.803,jt,0.613331,-3.4458e-05,-0.213208,-0.668768,jd
1,287.108,-206.479,415.407,147.514,30.2759,398.073,275.391,jt,0.613331,-3.4458e-05,-0.213208,-0.668768,jd
1,286.671,-235.06,453.208,147.514,30.2759,398.073,304.643,jt,0.613331,-3.4458e-05,-0.213208,-0.668768,jd
1,308.11,-253.952,472.664,147.514,30.2759,398.073,334.874,jt,0.613331,-3.4458e-05,-0.213208,-0.668768,jd
1,294.358,-309.812,526.319,147.514,30.2759,398.073,392.008,jt,0.613331,-3.4458e-05,-0.213208,-0.668768,jd
1,365.555,-196.845,515.255,147.514,30.2759,398.073,335.943,jt,0.613331,-3.4458e-05,-0.213208,-0.668768,jd
1,307.715,-251.363,471.179,147.514,30.2759,398.073,332.158,jt,0.613331,-3.4458e-05,-0.213208,-0.668768,jd
1,295.584,-245.027,430.583,147.514,30.2759,398.073,314.282,jt,0.613331,-3.4458e-05,-0.213208,-0.668768,jd
1,274.543,-244.064,420.144,147.514,30.2759,398.073,303.127,jt,0.613331,-3.4458e-05,-0.213208,-0.668768,jd
1,268.227,-259.824,329.993,147.514,30.2759,398.073,321.504,jt,0.613331,-3.4458e-05,-0.213208,-0.668768,jd
1,234.595,-250.058,255.489,124.16,30.8147,327.907,310.371,jt,0.613331,-3.4458e-05,-0.213208,-0.668768,jd
1,218.635,-235.828,190.189,124.16,30.8147,327.907,314.627,jt,0.613331,-3.4458e-05,-0.213208,-0.668768,jd
1,212.582,-210.4,152.214,124.16,30.8147,327.907,311.241,jt,0.613331,-3.4458e-05,-0.213208,-0.668768,jd
1,239.471,-199.886,129.283,124.16,30.8147,327.907,325.532,jt,0.613331,-3.4458e-05,-0.213208,-0.668768,jd
1,278.396,-181.375,91.9437,124.16,30.8147,327.907,352.834,jt,0.613331,-3.4458e-05,-0.213208,-0.668768,jd
1,313.836,-149.514,70.7806,124.16,30.8147,327.907,366.892,jt,0.613331,-3.4458e-05,-0.213208,-0.668768,jd
1,348.832,-113.011,51.693,124.16,30.8147,327.907,384.002,jt,0.613331,-3.4458e-05,-0.213208,-0.668768,jd
1,373.577,-72.5747,53.874,145.843,82.8003,313.401,378.627,jt,1.15249,0.202583,-0.35138,-0.21339,jd
1,404.616,-30.4236,60.8663,145.843,82.8003,313.401,378.889,jt,1.15249,0.202583,-0.35138,-0.21339,jd
1,446.392,32.7378,64.3473,145.843,82.8003,313.401,393.527,jt,1.15249,0.202583,-0.35138,-0.21339,jd
1,456.585,77.7438,55.332,145.843,82.8003,313.401,403.962,jt,1.15249,0.202583,-0.35138,-0.21339,jd
1,481.923,138.593,68.0462,145.843,82.8003,313.401,419.835,jt,1.15249,0.202583,-0.35138,-0.21339,jd
1,468.353,149.878,49.018,145.843,82.8003,313.401,422.386,jt,1.15249,0.202583,-0.35138,-0.21339,jd
1,430.459,134.105,34.1923,145.843,82.8003,313.401,401.99,jt,1.15249,0.202583,-0.35138,-0.21339,jd
1,373.462,129.918,13.0925,145.843,82.8003,313.401,379.757,jt,1.15249,0.202583,-0.35138,-0.21339,jd
1,354.886,148.704,-16.2028,145.843,82.8003,313.401,395.829,jt,1.15249,0.202583,-0.35138,-0.21339,jd
1,352.749,157.654,-16.0533,145.843,82.8003,313.401,396.173,jt,1.15249,0.202583,-0.35138,-0.21339,jd
1,384.924,190.625,2.3389,145.843,82.8003,313.401,406.873,jt,1.15249,0.202583,-0.35138,-0.21339,jd
1,436.887,229.244,36.0742,145.843,82.8003,313.401,427.858,jt,1.15249,0.202583,-0.35138,-0.21339,jd
1,484.904,274.496,70.0884,133.834,199.285,345.521,452.515,jt,1.02154,0.647168,-0.367694,-0.59848,jd
1,465.981,295.244,212.382,133.834,199.285,345.521,370.48,jt,1.02154,0.647168,-0.367694,-0.59848,jd
1,491.537,345.531,226.95,133.834,199.285,345.521,404.225,jt,1.02154,0.647168,-0.367694,-0.59848,jd
1,418.607,270.436,255.218,133.834,199.285,345.521,307.104,jt,1.02154,0.647168,-0.367694,-0.59848,jd
1,327.09,248.737,339.162,160.363,164.866,395.986,195.092,jt,0.142956,0.421615,-1.06904,-0.240813,jd
1,366.87,247.2,282.276,133.834,199.285,345.521,246.173,jt,1.02154,0.647168,-0.367694,-0.59848,jd
1,353.906,267.95,337.337,160.363,164.866,395.986,226.991,jt,0.142956,0.421615,-1.06904,-0.240813,jd
1,396.061,312.746,453.272,171.961,169.522,451.716,265.963,jt,-0.184454,0.505621,0.581217,-0.599048,jd
1,358.225,298.989,501.15,131.227,269.071,472.585,230.736,jt,-0.603429,1.0327,-0.378218,-0.113161,jd
1,377.389,290.831,466.816,171.961,169.522,451.716,239.05,jt,-0.184454,0.505621,0.581217,-0.599048,jd
1,386.804,278.299,421.351,171.961,169.522,451.716,242.719,jt,-0.184454,0.505621,0.581217,-0.599048,jd
1,383.113,261.355,374.416,171.961,169.522,451.716,242.887,jt,-0.184454,0.505621,0.581217,-0.599048,jd
1,392.3,236.551,337.877,160.363,164.866,395.986,249.62,jt,0.142956,0.421615,-1.06904,-0.240813,jd
1,402.686,227.521,305.25,160.363,164.866,395.986,266.231,jt,0.142956,0.421615,-1.06904,-0.240813,jd
1,397.727,217.223,289.635,160.363,164.866,395.986,265.317,jt,0.142956,0.421615,-1.06904,-0.240813,jd
1,368.743,163.161,300.963,174.847,79.6604,378.099,224.762,jt,-0.324245,0.0703965,-0.400543,-0.252805,jd
1,339.939,132.509,301.115,174.847,79.6604,378.099,189.67,jt,-0.324245,0.0703965,-0.400543,-0.252805,jd
1,310.849,82.8687,290.197,174.847,79.6604,378.099,161.968,jt,-0.324245,0.0703965,-0.400543,-0.252805,jd
1,291.989,65.8758,281.247,145.843,82.8003,313.401,150.595,jt,1.15249,0.202583,-0.35138,-0.21339,jd
1,282.276,52.1896,271.073,145.843,82.8003,313.401,146.091,jt,1.15249,0.202583,-0.35138,-0.21339,jd
1,272.339,35.8854,258.678,145.843,82.8003,313.401,145.592,jt,1.15249,0.202583,-0.35138,-0.21339,jd
1,259.584,19.8512,249.481,145.843,82.8003,313.401,144.863,jt,1.15249,0.202583,-0.35138,-0.21339,jd
1,247.676,15.9898,227.309,145.843,82.8003,313.401,149.149,jt,1.15249,0.202583,-0.35138,-0.21339,jd
1,246.197,18.2527,184.228,145.843,82.8003,313.401,175.849,jt,1.15249,0.202583,-0.35138,-0.21339,jd
1,233.281,-5.92248,191.767,145.843,82.8003,313.401,174.103,jt,1.15249,0.202583,-0.35138,-0.21339,jd
1,226.224,-47.8288,206.983,124.16,30.8147,327.907,176.705,jt,0.613331,-3.4458e-05,-0.213208,-0.668768,jd
1,248.98,-60.0481,147.867,124.16,30.8147,327.907,237.172,jt,0.613331,-3.4458e-05,-0.213208,-0.668768,jd
1,256.276,-51.6286,99.7969,145.843,82.8003,313.401,275.488,jt,1.15249,0.202583,-0.35138,-0.21339,jd
1,237.928,-49.2977,78.1112,75.0422,85.3215,266.848,283.329,jt,1.15249,0.202583,-0.35138,-0.21339,jd
1,221.457,-46.7517,49.9836,75.0422,85.3215,266.848,293.105,jt,1.15249,0.202583,-0.35138,-0.21339,jd
1,223.671,-36.6846,53.4098,75.0422,85.3215,266.848,287.283,jt,1.15249,0.202583,-0.35138,-0.21339,jd
1,257.63,20.9779,65.3736,145.843,82.8003,313.401,278.991,jt,1.15249,0.202583,-0.35138,-0.21339,jd
1,297.432,55.4459,136.772,145.843,82.8003,313.401,234.361,jt,1.15249,0.202583,-0.35138,-0.21339,jd
1,333.208,104.132,227.514,145.843,82.8003,313.401,207.213,jt,1.15249,0.202583,-0.35138,-0.21339,jd
1,367.844,131.229,250.072,145.843,82.8003,313.401,235.882,jt,1.15249,0.202583,-0.35138,-0.21339,jd
1,407.1,183.953,275.397,174.847,79.6604,378.099,274.53,jt,-0.324245,0.0703965,-0.400543,-0.252805,jd
1,446.662,272.737,371.734,171.961,169.522,451.716,304.157,jt,-0.184454,0.505621,0.581217,-0.599048,jd
1,458.602,318.433,422.472,171.961,169.522,451.716,324.335,jt,-0.184454,0.505621,0.581217,-0.599048,jd
1,422.205,308.161,491.177,171.961,169.522,451.716,288.791,jt,-0.184454,0.505621,0.581217,-0.599048,jd
1,365.46,316.742,512.569,131.227,269.071,472.585,242.356,jt,-0.603429,1.0327,-0.378218,-0.113161,jd
1,373.408,290.81,483.819,171.961,169.522,451.716,237.323,jt,-0.184454,0.505621,0.581217,-0.599048,jd
1,361.193,295.389,514.624,131.227,269.071,472.585,235.253,jt,-0.603429,1.0327,-0.378218,-0.113161,jd
1,353.283,286.416,513.176,171.961,169.522,451.716,224.32,jt,-0.184454,0.505621,0.581217,-0.599048,jd
1,324.14,220.991,455.07,171.961,169.522,451.716,160.683,jt,-0.184454,0.505621,0.581217,-0.599048,jd
1,317.73,201.906,467.163,171.961,169.522,451.716,150.12,jt,-0.184454,0.505621,0.581217,-0.599048,jd
1,326.512,203.9,439.387,171.961,169.522,451.716,158.808,jt,-0.184454,0.505621,0.581217,-0.599048,jd
1,289.697,169.715,450.349,171.961,169.522,451.716,117.744,jt,-0.184454,0.505621,0.581217,-0.599048,jd
1,334.798,245.194,466.859,171.961,169.522,451.716,180.199,jt,-0.184454,0.505621,0.581217,-0.599048,jd
1,306.832,225.003,493.113,171.961,169.522,451.716,151.599,jt,-0.184454,0.505621,0.581217,-0.599048,jd
1,346.534,253.898,408.183,171.961,169.522,451.716,198.722,jt,-0.184454,0.505621,0.581217,-0.599048,jd
1,286.497,215.54,347.18,160.363,164.866,395.986,144.428,jt,0.142956,0.421615,-1.06904,-0.240813,jd
1,272.078,164.95,339.254,160.363,164.866,395.986,125.294,jt,0.142956,0.421615,-1.06904,-0.240813,jd
1,262.478,109.644,336.621,174.847,79.6604,378.099,101.483,jt,-0.324245,0.0703965,-0.400543,-0.252805,jd
1,279.752,6.64431,350.373,174.847,79.6604,378.099,130.787,jt,-0.324245,0.0703965,-0.400543,-0.252805,jd
1,268.61,45.7655,356.181,174.847,79.6604,378.099,102.082,jt,-0.324245,0.0703965,-0.400543,-0.252805,jd
1,246.522,-1.99951,336.705,174.847,79.6604,378.099,116.272,jt,-0.324245,0.0703965,-0.400543,-0.252805,jd
1,273.804,23.3713,317.536,174.847,79.6604,378.099,128.953,jt,-0.324245,0.0703965,-0.400543,-0.252805,jd
1,226.33,11.7117,422.366,147.514,30.2759,398.073,84.5382,jt,0.613331,-3.4458e-05,-0.213208,-0.668768,jd
1,297.678,-14.6833,406.329,178.846,77.0887,447.611,155.716,jt,-0.324245,0.0703965,-0.400543,-0.252805,jd
1,237.863,-68.4153,429.804,147.514,30.2759,398.073,137.513,jt,0.613331,-3.4458e-05,-0.213208,-0.668768,jd
1,234.563,-104.953,423.512,147.514,30.2759,398.073,162.824,jt,0.613331,-3.4458e-05,-0.213208,-0.668768,jd
1,223.489,-101.34,428.471,147.514,30.2759,398.073,154.98,jt,0.613331,-3.4458e-05,-0.213208,-0.668768,jd
1,212.621,-96.7878,426.949,147.514,30.2759,398.073,145.664,jt,0.613331,-3.4458e-05,-0.213208,-0.668768,jd
1,204.917,-106.455,427.608,147.514,30.2759,398.073,151.205,jt,0.613331,-3.4458e-05,-0.213208,-0.668768,jd
1,208.33,-105.51,425.364,147.514,30.2759,398.073,151.265,jt,0.613331,-3.4458e-05,-0.213208,-0.668768,jd
1,215.725,-101.889,424.749,147.514,30.2759,398.073,151.102,jt,0.613331,-3.4458e-05,-0.213208,-0.668768,jd
1,229.802,-103.984,415.617,147.514,30.2759,398.073,158.445,jt,0.613331,-3.4458e-05,-0.213208,-0.668768,jd
1,226.532,-113.018,404.446,147.514,30.2759,398.073,163.761,jt,0.613331,-3.4458e-05,-0.213208,-0.668768,jd
1,224.494,-120.041,401.715,147.514,30.2759,398.073,168.921,jt,0.613331,-3.4458e-05,-0.213208,-0.668768,jd
1,226.135,-118.873,397.951,147.514,30.2759,398.073,168.602,jt,0.613331,-3.4458e-05,-0.213208,-0.668768,jd
1,226.65,-116.897,399.431,147.514,30.2759,398.073,167.106,jt,0.613331,-3.4458e-05,-0.213208,-0.668768,jd
1,217.482,-123.546,402.293,147.514,30.2759,398.073,169.04,jt,0.613331,-3.4458e-05,-0.213208,-0.668768,jd
1,210.587,-127.778,402.623,147.514,30.2759,398.073,170.235,jt,0.613331,-3.4458e-05,-0.213208,-0.668768,jd
1,555.009,50.1536,-3.92798,145.843,82.8003,313.401,518.826,jt,1.15249,0.202583,-0.35138,-0.21339,jd
1,465.09,-30.8721,135.563,145.843,82.8003,313.401,382.709,jt,1.15249,0.202583,-0.35138,-0.21339,jd
1,456.322,-55.977,266.839,174.847,79.6604,378.099,331.67,jt,-0.324245,0.0703965,-0.400543,-0.252805,jd
1,489.851,-75.3999,393.112,178.846,77.0887,447.611,350.638,jt,-0.324245,0.0703965,-0.400543,-0.252805,jd
1,507.072,-75.1269,510.827,178.846,77.0887,447.611,367.285,jt,-0.324245,0.0703965,-0.400543,-0.252805,jd
1,530.269,-77.2229,583.454,178.846,77.0887,447.611,407.141,jt,-0.324245,0.0703965,-0.400543,-0.252805,jd
1,543.359,-82.9144,606.244,178.846,77.0887,447.611,428.527,jt,-0.324245,0.0703965,-0.400543,-0.252805,jd
1,539.588,-98.821,508.66,178.846,77.0887,447.611,405.963,jt,-0.324245,0.0703965,-0.400543,-0.252805,jd
1,508.223,-93.6024,426.714,178.846,77.0887,447.611,371.566,jt,-0.324245,0.0703965,-0.400543,-0.252805,jd
1,488.394,-111.261,341.11,174.847,79.6604,378.099,368.96,jt,-0.324245,0.0703965,-0.400543,-0.252805,jd
1,479.36,-71.3463,359.396,174.847,79.6604,378.099,340.413,jt,-0.324245,0.0703965,-0.400543,-0.252805,jd
1,477.25,-67.3129,333.482,174.847,79.6604,378.099,339.175,jt,-0.324245,0.0703965,-0.400543,-0.252805,jd
1,452.324,-62.5107,304.85,174.847,79.6604,378.099,320.268,jt,-0.324245,0.0703965,-0.400543,-0.252805,jd
1,446.04,-54.3078,268.293,174.847,79.6604,378.099,321.793,jt,-0.324245,0.0703965,-0.400543,-0.252805,jd
1,448.972,-49.6405,259.323,174.847,79.6604,378.099,325.532,jt,-0.324245,0.0703965,-0.400543,-0.252805,jd
1,443.848,-49.5094,262.318,174.847,79.6604,378.099,320.081,jt,-0.324245,0.0703965,-0.400543,-0.252805,jd
1,449.581,-41.9171,272.987,174.847,79.6604,378.099,318.29,jt,-0.324245,0.0703965,-0.400543,-0.252805,jd
1,506.252,-25.9532,273.417,174.847,79.6604,378.099,363.239,jt,-0.324245,0.0703965,-0.400543,-0.252805,jd
1,200.884,-7.17369,393.529,147.514,30.2759,398.073,65.3566,jt,0.613331,-3.4458e-05,-0.213208,-0.668768,jd
1,200.404,-21.6616,420.926,147.514,30.2759,398.073,77.5697,jt,0.613331,-3.4458e-05,-0.213208,-0.668768,jd
1,204.496,-31.9163,427.97,147.514,30.2759,398.073,89.4909,jt,0.613331,-3.4458e-05,-0.213208,-0.668768,jd
1,207.296,-58.0677,420.68,147.514,30.2759,398.073,109.04,jt,0.613331,-3.4458e-05,-0.213208,-0.668768,jd
1,204.363,-70.5617,409.704,147.514,30.2759,398.073,116.341,jt,0.613331,-3.4458e-05,-0.213208,-0.668768,jd
1,230.873,-79.9395,367.314,147.514,30.2759,398.073,141.571,jt,0.613331,-3.4458e-05,-0.213208,-0.668768,jd
1,656.574,-237.957,205.006,174.847,79.6604,378.099,602.414,jt,-0.324245,0.0703965,-0.400543,-0.252805,jd
1,572.957,-183.155,211.098,174.847,79.6604,378.099,505.423,jt,-0.324245,0.0703965,-0.400543,-0.252805,jd
1,515.588,-172.043,229.038,174.847,79.6604,378.099,449.087,jt,-0.324245,0.0703965,-0.400543,-0.252805,jd
1,466.292,-145.88,267.195,174.847,79.6604,378.099,384.849,jt,-0.324245,0.0703965,-0.400543,-0.252805,jd
1,240.243,2.34494,379.095,147.514,30.2759,398.073,98.6861,jt,0.613331,-3.4458e-05,-0.213208,-0.668768,jd
1,183.514,-57.7192,400.466,147.514,30.2759,398.073,95.1047,jt,0.613331,-3.4458e-05,-0.213208,-0.668768,jd
1,185.162,-64.4208,387.773,147.514,30.2759,398.073,102.425,jt,0.613331,-3.4458e-05,-0.213208,-0.668768,jd
1,189.592,-64.4192,365.733,147.514,30.2759,398.073,108.553,jt,0.613331,-3.4458e-05,-0.213208,-0.668768,jd
1,194.135,-64.5771,349.018,147.514,30.2759,398.073,116.521,jt,0.613331,-3.4458e-05,-0.213208,-0.668768,jd
1,194.093,-64.99,358.367,147.514,30.2759,398.073,113.233,jt,0.613331,-3.4458e-05,-0.213208,-0.668768,jd
1,201.483,-71.1235,375.97,147.514,30.2759,398.073,116.975,jt,0.613331,-3.4458e-05,-0.213208,-0.668768,jd
1,196.556,-89.1163,377.342,147.514,30.2759,398.073,130.726,jt,0.613331,-3.4458e-05,-0.213208,-0.668768,jd
1,204.118,-95.5206,366.944,147.514,30.2759,398.073,141.414,jt,0.613331,-3.4458e-05,-0.213208,-0.668768,jd
1,230.307,-90.6005,333.101,147.514,30.2759,398.073,160.272,jt,0.613331,-3.4458e-05,-0.213208,-0.668768,jd
1,226.097,-93.6792,284.166,124.16,30.8147,327.907,166.743,jt,0.613331,-3.4458e-05,-0.213208,-0.668768,jd
1,189.178,-174.07,269.831,124.16,30.8147,327.907,222.661,jt,0.613331,-3.4458e-05,-0.213208,-0.668768,jd
1,599.01,-302.27,-148.255,124.16,30.8147,327.907,750.439,jt,0.613331,-3.4458e-05,-0.213208,-0.668768,jd
1,367.32,-118.508,282.567,124.16,30.8147,327.907,288.929,jt,0.613331,-3.4458e-05,-0.213208,-0.668768,jd
1,430.977,-109.296,283.789,174.847,79.6604,378.099,331.967,jt,-0.324245,0.0703965,-0.400543,-0.252805,jd
1,509.34,-65.0463,341.702,174.847,79.6604,378.099,366.266,jt,-0.324245,0.0703965,-0.400543,-0.252805,jd
1,509.58,-6.12741,416.349,178.846,77.0887,447.611,342.472,jt,-0.324245,0.0703965,-0.400543,-0.252805,jd
1,549.645,-16.1598,401.816,178.846,77.0887,447.611,385.077,jt,-0.324245,0.0703965,-0.400543,-0.252805,jd
1,581.688,1.26889,425.176,178.846,77.0887,447.611,410.529,jt,-0.324245,0.0703965,-0.400543,-0.252805,jd
1,553.565,11.7731,393.923,178.846,77.0887,447.611,384.139,jt,-0.324245,0.0703965,-0.400543,-0.252805,jd
1,549.4,17.5537,370.97,174.847,79.6604,378.099,379.735,jt,-0.324245,0.0703965,-0.400543,-0.252805,jd
1,533.938,25.9137,460.906,178.846,77.0887,447.611,359.007,jt,-0.324245,0.0703965,-0.400543,-0.252805,jd
1,530.286,29.2573,473.363,178.846,77.0887,447.611,355.614,jt,-0.324245,0.0703965,-0.400543,-0.252805,jd
1,521.552,26.0056,393.026,178.846,77.0887,447.611,350.765,jt,-0.324245,0.0703965,-0.400543,-0.252805,jd
1,494.946,28.5731,365.545,174.847,79.6604,378.099,324.393,jt,-0.324245,0.0703965,-0.400543,-0.252805,jd
1,513.498,31.9859,357.279,174.847,79.6604,378.099,342.624,jt,-0.324245,0.0703965,-0.400543,-0.252805,jd
1,618.923,45.169,242.618,174.847,79.6604,378.099,465.563,jt,-0.324245,0.0703965,-0.400543,-0.252805,jd
1,620.169,50.3319,364.239,174.847,79.6604,378.099,446.502,jt,-0.324245,0.0703965,-0.400543,-0.252805,jd
1,631.167,78.8763,364.604,174.847,79.6604,378.099,456.521,jt,-0.324245,0.0703965,-0.400543,-0.252805,jd
1,623.729,86.2518,329.147,174.847,79.6604,378.099,451.592,jt,-0.324245,0.0703965,-0.400543,-0.252805,jd
1,616.793,104.57,261.947,174.847,79.6604,378.099,457.634,jt,-0.324245,0.0703965,-0.400543,-0.252805,jd
1,617.369,111.925,273.979,174.847,79.6604,378.099,455.75,jt,-0.324245,0.0703965,-0.400543,-0.252805,jd
1,225.709,24.6203,418.847,178.846,77.0887,447.611,76.0029,jt,-0.324245,0.0703965,-0.400543,-0.252805,jd
1,204.453,10.6497,451.844,178.846,77.0887,447.611,71.3287,jt,-0.324245,0.0703965,-0.400543,-0.252805,jd
1,213.125,2.74895,451.127,178.846,77.0887,447.611,81.9377,jt,-0.324245,0.0703965,-0.400543,-0.252805,jd
1,206.855,2.7666,456.39,178.846,77.0887,447.611,79.9084,jt,-0.324245,0.0703965,-0.400543,-0.252805,jd
1,200.749,-7.969,450.644,147.514,30.2759,398.073,84.0259,jt,0.613331,-3.4458e-05,-0.213208,-0.668768,jd
1,200.193,-17.2885,446.731,147.514,30.2759,398.073,86.0526,jt,0.613331,-3.4458e-05,-0.213208,-0.668768,jd
1,216.045,-9.80519,458.227,178.846,77.0887,447.611,95.1159,jt,-0.324245,0.0703965,-0.400543,-0.252805,jd
1,234.369,-13.0667,421.148,147.514,30.2759,398.073,99.7741,jt,0.613331,-3.4458e-05,-0.213208,-0.668768,jd
1,239.237,-11.9763,393.977,147.514,30.2759,398.073,101.07,jt,0.613331,-3.4458e-05,-0.213208,-0.668768,jd
1,248.912,-10.7345,366.023,147.514,30.2759,398.073,113.976,jt,0.613331,-3.4458e-05,-0.213208,-0.668768,jd
1,247.561,-10.8198,352.174,147.514,30.2759,398.073,117.495,jt,0.613331,-3.4458e-05,-0.213208,-0.668768,jd
1,256.247,-8.28077,363.129,147.514,30.2759,398.073,120.543,jt,0.613331,-3.4458e-05,-0.213208,-0.668768,jd
1,359.928,5.60045,423.951,178.846,77.0887,447.611,196.115,jt,-0.324245,0.0703965,-0.400543,-0.252805,jd
1,361.476,4.46783,440.379,178.846,77.0887,447.611,196.672,jt,-0.324245,0.0703965,-0.400543,-0.252805,jd
1,327.47,-71.4639,439.631,178.846,77.0887,447.611,210.287,jt,-0.324245,0.0703965,-0.400543,-0.252805,jd
1,307.411,-143.252,437.405,147.514,30.2759,398.073,239.22,jt,0.613331,-3.4458e-05,-0.213208,-0.668768,jd
1,292.678,-164.609,434.422,147.514,30.2759,398.073,245.711,jt,0.613331,-3.4458e-05,-0.213208,-0.668768,jd
1,292.887,-168.947,433.668,147.514,30.2759,398.073,249.179,jt,0.613331,-3.4458e-05,-0.213208,-0.668768,jd
1,294.156,-171.556,432.553,147.514,30.2759,398.073,251.85,jt,0.613331,-3.4458e-05,-0.213208,-0.668768,jd
1,293.118,-171.567,432.773,147.514,30.2759,398.073,251.287,jt,0.613331,-3.4458e-05,-0.213208,-0.668768,jd
1,291.87,-173.861,431.953,147.514,30.2759,398.073,252.306,jt,0.613331,-3.4458e-05,-0.213208,-0.668768,jd
1,288.374,-172.623,432.084,147.514,30.2759,398.073,249.332,jt,0.613331,-3.4458e-05,-0.213208,-0.668768,jd
1,292.244,-174.493,432.076,147.514,30.2759,398.073,253.048,jt,0.613331,-3.4458e-05,-0.213208,-0.668768,jd
1,293.368,-173.971,431.661,147.514,30.2759,398.073,253.216,jt,0.613331,-3.4458e-05,-0.213208,-0.668768,jd
1,294.82,-173.769,431.439,147.514,30.2759,398.073,253.864,jt,0.613331,-3.4458e-05,-0.213208,-0.668768,jd
1,294.342,-170.783,427.309,147.514,30.2759,398.073,250.675,jt,0.613331,-3.4458e-05,-0.213208,-0.668768,jd
1,298.112,-162.136,415.008,147.514,30.2759,398.073,244.926,jt,0.613331,-3.4458e-05,-0.213208,-0.668768,jd
1,286.61,-146.654,439.474,147.514,30.2759,398.073,228.836,jt,0.613331,-3.4458e-05,-0.213208,-0.668768,jd
1,286.884,-151,447.138,147.514,30.2759,398.073,233.864,jt,0.613331,-3.4458e-05,-0.213208,-0.668768,jd
1,282.152,-149.504,449.884,147.514,30.2759,398.073,230.505,jt,0.613331,-3.4458e-05,-0.213208,-0.668768,jd
1,281.987,-146.867,448.66,147.514,30.2759,398.073,228.083,jt,0.613331,-3.4458e-05,-0.213208,-0.668768,jd
1,285.008,-149.594,447.979,147.514,30.2759,398.073,231.837,jt,0.613331,-3.4458e-05,-0.213208,-0.668768,jd
1,287.308,-149.932,449.332,147.514,30.2759,398.073,233.762,jt,0.613331,-3.4458e-05,-0.213208,-0.668768,jd
1,286.779,-148.832,450.793,147.514,30.2759,398.073,232.924,jt,0.613331,-3.4458e-05,-0.213208,-0.668768,jd
1,286.582,-144.435,464.648,147.514,30.2759,398.073,233.015,jt,0.613331,-3.4458e-05,-0.213208,-0.668768,jd
1,294.53,-149.926,493.745,147.514,30.2759,398.073,251.475,jt,0.613331,-3.4458e-05,-0.213208,-0.668768,jd
1,297.789,-142.396,495.667,147.514,30.2759,398.073,248.843,jt,0.613331,-3.4458e-05,-0.213208,-0.668768,jd
1,297.474,-91.8988,500.93,178.846,77.0887,447.611,213.243,jt,-0.324245,0.0703965,-0.400543,-0.252805,jd
1,305.994,-53.6645,502.286,178.846,77.0887,447.611,190.401,jt,-0.324245,0.0703965,-0.400543,-0.252805,jd
1,311.318,-41.3818,502.583,178.846,77.0887,447.611,186.027,jt,-0.324245,0.0703965,-0.400543,-0.252805,jd
1,304.968,-39.9886,502.076,178.846,77.0887,447.611,180.5,jt,-0.324245,0.0703965,-0.400543,-0.252805,jd
1,300.641,-39.8451,499.251,178.846,77.0887,447.611,176.562,jt,-0.324245,0.0703965,-0.400543,-0.252805,jd
1,316.518,-66.9677,499.972,178.846,77.0887,447.611,206.027,jt,-0.324245,0.0703965,-0.400543,-0.252805,jd
1,292.284,-172.606,498.241,147.514,30.2759,398.073,268.613,jt,0.613331,-3.4458e-05,-0.213208,-0.668768,jd
1,303.845,-224.144,497.181,147.514,30.2759,398.073,314.629,jt,0.613331,-3.4458e-05,-0.213208,-0.668768,jd
1,305.614,-244.565,490.37,147.514,30.2759,398.073,330.23,jt,0.613331,-3.4458e-05,-0.213208,-0.668768,jd
1,293.931,-240.674,487.773,147.514,30.2759,398.073,320.777,jt,0.613331,-3.4458e-05,-0.213208,-0.668768,jd
1,293.843,-242.708,487.44,147.514,30.2759,398.073,322.364,jt,0.613331,-3.4458e-05,-0.213208,-0.668768,jd
1,290.486,-243.598,487.719,147.514,30.2759,398.073,321.69,jt,0.613331,-3.4458e-05,-0.213208,-0.668768,jd
1,285.199,-242.028,487.083,147.514,30.2759,398.073,317.851,jt,0.613331,-3.4458e-05,-0.213208,-0.668768,jd
1,287.243,-242.988,486.837,147.514,30.2759,398.073,319.494,jt,0.613331,-3.4458e-05,-0.213208,-0.668768,jd
1,284.793,-240.512,486.467,147.514,30.2759,398.073,316.204,jt,0.613331,-3.4458e-05,-0.213208,-0.668768,jd
1,288.839,-244.407,486.383,147.514,30.2759,398.073,321.282,jt,0.613331,-3.4458e-05,-0.213208,-0.668768,jd
1,287.887,-243.61,486.906,147.514,30.2759,398.073,320.327,jt,0.613331,-3.4458e-05,-0.213208,-0.668768,jd
1,285.898,-240.261,481.214,147.514,30.2759,398.073,315.044,jt,0.613331,-3.4458e-05,-0.213208,-0.668768,jd
1,287.374,-235.036,404.82,147.514,30.2759,398.073,299.995,jt,0.613331,-3.4458e-05,-0.213208,-0.668768,jd
1,288.682,-236.076,381.918,147.514,30.2759,398.073,301.882,jt,0.613331,-3.4458e-05,-0.213208,-0.668768,jd
1,290.066,-236.707,385.352,147.514,30.2759,398.073,302.924,jt,0.613331,-3.4458e-05,-0.213208,-0.668768,jd
1,289.277,-232.935,386.102,147.514,30.2759,398.073,299.199,jt,0.613331,-3.4458e-05,-0.213208,-0.668768,jd
1,285.431,-179.89,390.632,147.514,30.2759,398.073,251.488,jt,0.613331,-3.4458e-05,-0.213208,-0.668768,jd
1,298.466,-132.962,391.73,147.514,30.2759,398.073,222.426,jt,0.613331,-3.4458e-05,-0.213208,-0.668768,jd
1,303.251,-121.814,391.615,147.514,30.2759,398.073,217.778,jt,0.613331,-3.4458e-05,-0.213208,-0.668768,jd
1,304.617,-120.583,391.644,147.514,30.2759,398.073,217.902,jt,0.613331,-3.4458e-05,-0.213208,-0.668768,jd
1,296.369,-95.7784,391.828,147.514,30.2759,398.073,195.158,jt,0.613331,-3.4458e-05,-0.213208,-0.668768,jd
1,288.551,-32.5498,382.95,147.514,30.2759,398.073,155.136,jt,0.613331,-3.4458e-05,-0.213208,-0.668768,jd
1,281.441,-15.4309,343.125,174.847,79.6604,378.099,147.064,jt,-0.324245,0.0703965,-0.400543,-0.252805,jd
1,285.628,-3.75236,322.908,174.847,79.6604,378.099,149.253,jt,-0.324245,0.0703965,-0.400543,-0.252805,jd
1,284.168,-4.08871,323.946,174.847,79.6604,378.099,147.978,jt,-0.324245,0.0703965,-0.400543,-0.252805,jd
1,282.823,-4.90812,325.096,174.847,79.6604,378.099,147.037,jt,-0.324245,0.0703965,-0.400543,-0.252805,jd
1,282.196,-6.69976,327.276,174.847,79.6604,378.099,146.85,jt,-0.324245,0.0703965,-0.400543,-0.252805,jd
1,277.888,-6.92014,329.851,174.847,79.6604,378.099,142.974,jt,-0.324245,0.0703965,-0.400543,-0.252805,jd
1,276.721,-7.69149,331.275,174.847,79.6604,378.099,142.131,jt,-0.324245,0.0703965,-0.400543,-0.252805,jd
1,277.669,-9.10993,332.014,174.847,79.6604,378.099,143.445,jt,-0.324245,0.0703965,-0.400543,-0.252805,jd
1,295.931,-14.4146,346.78,174.847,79.6604,378.099,156.501,jt,-0.324245,0.0703965,-0.400543,-0.252805,jd
1,307.745,23.8248,354.555,174.847,79.6604,378.099,146.062,jt,-0.324245,0.0703965,-0.400543,-0.252805,jd
1,299.888,23.3335,358.527,174.847,79.6604,378.099,138.532,jt,-0.324245,0.0703965,-0.400543,-0.252805,jd
1,289.302,21.8711,368.637,174.847,79.6604,378.099,128.566,jt,-0.324245,0.0703965,-0.400543,-0.252805,jd
1,271.612,25.6938,372.711,174.847,79.6604,378.099,110.927,jt,-0.324245,0.0703965,-0.400543,-0.252805,jd
1,252.431,24.0914,381.861,174.847,79.6604,378.099,95.5057,jt,-0.324245,0.0703965,-0.400543,-0.252805,jd
1,247.413,22.4006,385.156,174.847,79.6604,378.099,92.7056,jt,-0.324245,0.0703965,-0.400543,-0.252805,jd
1,239.586,22.2554,388.323,174.847,79.6604,378.099,87.1264,jt,-0.324245,0.0703965,-0.400543,-0.252805,jd
1,214.385,21.3943,399.902,147.514,30.2759,398.073,67.4827,jt,0.613331,-3.4458e-05,-0.213208,-0.668768,jd
1,208.612,20.2514,406.966,147.514,30.2759,398.073,62.5501,jt,0.613331,-3.4458e-05,-0.213208,-0.668768,jd
1,206.274,16.8978,418.888,147.514,30.2759,398.073,63.7577,jt,0.613331,-3.4458e-05,-0.213208,-0.668768,jd
1,203.274,17.0293,425.797,147.514,30.2759,398.073,63.6655,jt,0.613331,-3.4458e-05,-0.213208,-0.668768,jd
1,202.504,17.1581,427.026,147.514,30.2759,398.073,63.5156,jt,0.613331,-3.4458e-05,-0.213208,-0.668768,jd
1,201.786,16.6015,427.771,147.514,30.2759,398.073,63.3596,jt,0.613331,-3.4458e-05,-0.213208,-0.668768,jd
1,201.246,14.3211,431.201,147.514,30.2759,398.073,65.109,jt,0.613331,-3.4458e-05,-0.213208,-0.668768,jd
1,190.788,-4.75628,442.56,147.514,30.2759,398.073,71.2674,jt,0.613331,-3.4458e-05,-0.213208,-0.668768,jd
1,180.917,-29.3648,444.946,147.514,30.2759,398.073,82.8848,jt,0.613331,-3.4458e-05,-0.213208,-0.668768,jd
1,178.938,-40.2716,445.291,147.514,30.2759,398.073,90.5203,jt,0.613331,-3.4458e-05,-0.213208,-0.668768,jd
1,178.856,-40.2811,446.394,147.514,30.2759,398.073,91.08,jt,0.613331,-3.4458e-05,-0.213208,-0.668768,jd
1,177.947,-40.2738,446.31,147.514,30.2759,398.073,90.7206,jt,0.613331,-3.4458e-05,-0.213208,-0.668768,jd
1,176.235,-40.5422,446.735,147.514,30.2759,398.073,90.5985,jt,0.613331,-3.4458e-05,-0.213208,-0.668768,jd
1,174.087,-41.386,446.943,147.514,30.2759,398.073,90.7183,jt,0.613331,-3.4458e-05,-0.213208,-0.668768,jd
1,162.754,-44.8802,445.821,147.514,30.2759,398.073,90.3357,jt,0.613331,-3.4458e-05,-0.213208,-0.668768,jd
1,150.468,-54.0635,447.23,147.514,30.2759,398.073,97.6644,jt,0.613331,-3.4458e-05,-0.213208,-0.668768,jd
1,147.942,-57.3122,448.394,147.514,30.2759,398.073,101.015,jt,0.613331,-3.4458e-05,-0.213208,-0.668768,jd
1,146.822,-59.5702,448.106,147.514,30.2759,398.073,102.84,jt,0.613331,-3.4458e-05,-0.213208,-0.668768,jd
1,145.733,-60.919,443.148,147.514,30.2759,398.073,101.742,jt,0.613331,-3.4458e-05,-0.213208,-0.668768,jd
1,140.148,-58.8882,426.173,147.514,30.2759,398.073,93.7771,jt,0.613331,-3.4458e-05,-0.213208,-0.668768,jd
1,136.954,-61.3507,412.409,147.514,30.2759,398.073,93.3406,jt,0.613331,-3.4458e-05,-0.213208,-0.668768,jd
1,135.359,-58.132,403.841,147.514,30.2759,398.073,89.4259,jt,0.613331,-3.4458e-05,-0.213208,-0.668768,jd
1,133.388,-58.2709,395.895,147.514,30.2759,398.073,89.693,jt,0.613331,-3.4458e-05,-0.213208,-0.668768,jd
1,136.107,-59.3906,385.11,147.514,30.2759,398.073,91.3139,jt,0.613331,-3.4458e-05,-0.213208,-0.668768,jd
1,135.774,-59.6312,376.938,147.514,30.2759,398.073,93.1011,jt,0.613331,-3.4458e-05,-0.213208,-0.668768,jd
1,135.291,-58.1093,371.61,147.514,30.2759,398.073,93.0681,jt,0.613331,-3.4458e-05,-0.213208,-0.668768,jd
1,136.511,-55.491,360.54,124.16,30.8147,327.907,93.0923,jt,0.613331,-3.4458e-05,-0.213208,-0.668768,jd
1,136.254,-54.5676,355.781,124.16,30.8147,327.907,90.6278,jt,0.613331,-3.4458e-05,-0.213208,-0.668768,jd
1,136.29,-53.4235,353.813,124.16,30.8147,327.907,88.9625,jt,0.613331,-3.4458e-05,-0.213208,-0.668768,jd
1,136.145,-51.351,349.803,124.16,30.8147,327.907,85.8738,jt,0.613331,-3.4458e-05,-0.213208,-0.668768,jd
1,137.812,-50.0485,348.891,124.16,30.8147,327.907,84.6497,jt,0.613331,-3.4458e-05,-0.213208,-0.668768,jd
1,132.676,-44.2322,341.868,124.16,30.8147,327.907,76.808,jt,0.613331,-3.4458e-05,-0.213208,-0.668768,jd
1,122.1,-37.3173,341.53,124.16,30.8147,327.907,69.5111,jt,0.613331,-3.4458e-05,-0.213208,-0.668768,jd
1,117.188,-35.4826,340.084,80.4152,17.5436,322.31,66.9323,jt,0.613331,-3.4458e-05,-0.213208,-0.668768,jd
1,117.52,-27.8677,327.784,80.4152,17.5436,322.31,58.8975,jt,0.613331,-3.4458e-05,-0.213208,-0.668768,jd
1,118.634,-19.1693,312.634,124.16,30.8147,327.907,52.5567,jt,0.613331,-3.4458e-05,-0.213208,-0.668768,jd
1,119.509,-7.17259,306.775,124.16,30.8147,327.907,43.7175,jt,0.613331,-3.4458e-05,-0.213208,-0.668768,jd
1,119.295,-3.27182,306.545,124.16,30.8147,327.907,40.5205,jt,0.613331,-3.4458e-05,-0.213208,-0.668768,jd
1,120.662,-2.37793,306.439,124.16,30.8147,327.907,39.6847,jt,0.613331,-3.4458e-05,-0.213208,-0.668768,jd
1,121.532,-1.9521,305.375,124.16,30.8147,327.907,39.8528,jt,0.613331,-3.4458e-05,-0.213208,-0.668768,jd
1,128.92,-1.46461,301.879,124.16,30.8147,327.907,41.738,jt,0.613331,-3.4458e-05,-0.213208,-0.668768,jd
1,129.49,-6.8992,330.336,124.16,30.8147,327.907,38.1662,jt,0.613331,-3.4458e-05,-0.213208,-0.668768,jd
1,125.359,-7.66155,331.568,124.16,30.8147,327.907,38.6686,jt,0.613331,-3.4458e-05,-0.213208,-0.668768,jd
1,142.418,-6.79714,349.304,124.16,30.8147,327.907,46.9664,jt,0.613331,-3.4458e-05,-0.213208,-0.668768,jd
1,613.568,13.912,11.3651,145.843,82.8003,313.401,561.015,jt,1.15249,0.202583,-0.35138,-0.21339,jd
1,671.739,49.4714,73.1635,145.843,82.8003,313.401,579.13,jt,1.15249,0.202583,-0.35138,-0.21339,jd
1,701.262,142.697,105.866,145.843,82.8003,313.401,595.944,jt,1.15249,0.202583,-0.35138,-0.21339,jd
1,161.277,37.9911,409.249,147.514,30.2759,398.073,19.3347,jt,0.613331,-3.4458e-05,-0.213208,-0.668768,jd
1,164.156,42.9463,415.191,147.514,30.2759,398.073,27.0285,jt,0.613331,-3.4458e-05,-0.213208,-0.668768,jd
1,169.225,22.9161,426.796,147.514,30.2759,398.073,36.7496,jt,0.613331,-3.4458e-05,-0.213208,-0.668768,jd
1,178.234,-7.88554,426.166,147.514,30.2759,398.073,56.4731,jt,0.613331,-3.4458e-05,-0.213208,-0.668768,jd
1,186.871,-17.1147,425.59,147.514,30.2759,398.073,67.4686,jt,0.613331,-3.4458e-05,-0.213208,-0.668768,jd
1,177.97,-18.5746,458.811,147.514,30.2759,398.073,83.6843,jt,0.613331,-3.4458e-05,-0.213208,-0.668768,jd
1,173.881,-17.5272,482.484,147.514,30.2759,398.073,100.526,jt,0.613331,-3.4458e-05,-0.213208,-0.668768,jd
1,170.979,-17.4039,495.027,178.846,77.0887,447.611,106.014,jt,-0.324245,0.0703965,-0.400543,-0.252805,jd
1,168.864,-17.8156,495.401,178.846,77.0887,447.611,106.726,jt,-0.324245,0.0703965,-0.400543,-0.252805,jd
1,166.369,-16.9029,494.128,178.846,77.0887,447.611,105.612,jt,-0.324245,0.0703965,-0.400543,-0.252805,jd
1,168.742,-21.9187,479.95,147.514,30.2759,398.073,99.3922,jt,0.613331,-3.4458e-05,-0.213208,-0.668768,jd
1,171.856,-23.67,476.981,147.514,30.2759,398.073,98.6363,jt,0.613331,-3.4458e-05,-0.213208,-0.668768,jd
1,167.811,-26.7362,475.546,147.514,30.2759,398.073,98.3081,jt,0.613331,-3.4458e-05,-0.213208,-0.668768,jd
1,165.698,-25.8647,471.64,147.514,30.2759,398.073,94.3105,jt,0.613331,-3.4458e-05,-0.213208,-0.668768,jd
1,161.576,-24.6406,459.756,147.514,30.2759,398.073,83.7755,jt,0.613331,-3.4458e-05,-0.213208,-0.668768,jd
1,157.67,-30.9256,432.431,147.514,30.2759,398.073,70.9172,jt,0.613331,-3.4458e-05,-0.213208,-0.668768,jd
1,150.261,-42.5998,434.218,147.514,30.2759,398.073,81.3933,jt,0.613331,-3.4458e-05,-0.213208,-0.668768,jd
1,143.922,-48.9764,438.386,147.514,30.2759,398.073,88.9884,jt,0.613331,-3.4458e-05,-0.213208,-0.668768,jd
1,139.757,-53.8091,453.262,98.9201,32.6413,421.395,100.781,jt,0.134905,0.140372,-0.444943,-1.38497,jd
1,132.748,-54.3269,478.189,98.9201,32.6413,421.395,109.24,jt,0.134905,0.140372,-0.444943,-1.38497,jd
1,105.715,-54.2661,479.149,98.9201,32.6413,421.395,104.569,jt,0.134905,0.140372,-0.444943,-1.38497,jd
1,104.136,-54.1296,476.411,98.9201,32.6413,421.395,102.875,jt,0.134905,0.140372,-0.444943,-1.38497,jd
1,102.001,-59.6447,464.598,98.9201,32.6413,421.395,101.945,jt,0.134905,0.140372,-0.444943,-1.38497,jd
1,101.582,-69.0555,447.172,98.9201,32.6413,421.395,104.947,jt,0.134905,0.140372,-0.444943,-1.38497,jd
1,94.1484,-78.9931,445.606,98.9201,32.6413,421.395,114.329,jt,0.134905,0.140372,-0.444943,-1.38497,jd
1,89.2016,-81.8472,441.457,98.9201,32.6413,421.395,116.639,jt,0.134905,0.140372,-0.444943,-1.38497,jd
1,84.6071,-81.0433,442.787,98.9201,32.6413,421.395,116.562,jt,0.134905,0.140372,-0.444943,-1.38497,jd
1,82.6213,-81.2584,443.762,98.9201,32.6413,421.395,117.214,jt,0.134905,0.140372,-0.444943,-1.38497,jd
1,81.0844,-81.6125,444.995,98.9201,32.6413,421.395,118.021,jt,0.134905,0.140372,-0.444943,-1.38497,jd
1,82.5528,-83.1392,443.855,98.9201,32.6413,421.395,119.069,jt,0.134905,0.140372,-0.444943,-1.38497,jd
1,82.8037,-81.3721,445.954,98.9201,32.6413,421.395,117.737,jt,0.134905,0.140372,-0.444943,-1.38497,jd
1,85.3314,-79.3927,427.318,98.9201,32.6413,421.395,113.01,jt,0.134905,0.140372,-0.444943,-1.38497,jd
1,86.7241,-79.4374,405.566,98.9201,32.6413,421.395,113.846,jt,0.134905,0.140372,-0.444943,-1.38497,jd
1,89.6317,-78.4582,392.34,98.9201,32.6413,421.395,115.211,jt,0.134905,0.140372,-0.444943,-1.38497,jd
1,91.4279,-73.6284,388.317,98.9201,32.6413,421.395,111.551,jt,0.134905,0.140372,-0.444943,-1.38497,jd
1,92.9788,-70.6879,387.528,98.9201,32.6413,421.395,108.9,jt,0.134905,0.140372,-0.444943,-1.38497,jd
1,95.422,-67.6682,383.449,80.4152,17.5436,322.31,105.945,jt,0.613331,-3.4458e-05,-0.213208,-0.668768,jd
1,93.5029,-61.299,376.3,80.4152,17.5436,322.31,96.4487,jt,0.613331,-3.4458e-05,-0.213208,-0.668768,jd
1,95.8868,-60.133,369.49,80.4152,17.5436,322.31,92.1902,jt,0.613331,-3.4458e-05,-0.213208,-0.668768,jd
1,98.9104,-61.5734,361.383,80.4152,17.5436,322.31,90.1568,jt,0.613331,-3.4458e-05,-0.213208,-0.668768,jd
1,104.183,-59.5186,357.305,80.4152,17.5436,322.31,87.9099,jt,0.613331,-3.4458e-05,-0.213208,-0.668768,jd
1,111.386,-52.7422,353.54,80.4152,17.5436,322.31,82.9131,jt,0.613331,-3.4458e-05,-0.213208,-0.668768,jd
1,116.586,-45.5197,347.005,80.4152,17.5436,322.31,76.7799,jt,0.613331,-3.4458e-05,-0.213208,-0.668768,jd
1,122.756,-29.4204,345.164,124.16,30.8147,327.907,62.674,jt,0.613331,-3.4458e-05,-0.213208,-0.668768,jd
1,126.333,-25.0839,345.404,124.16,30.8147,327.907,58.6133,jt,0.613331,-3.4458e-05,-0.213208,-0.668768,jd
1,111.81,-19.6597,341.414,80.4152,17.5436,322.31,52.2942,jt,0.613331,-3.4458e-05,-0.213208,-0.668768,jd
1,111.272,-17.6149,331.454,80.4152,17.5436,322.31,47.6639,jt,0.613331,-3.4458e-05,-0.213208,-0.668768,jd
1,113.71,-19.2855,345.715,124.16,30.8147,327.907,54.1882,jt,0.613331,-3.4458e-05,-0.213208,-0.668768,jd
1,119.346,-25.5145,361.796,124.16,30.8147,327.907,65.9139,jt,0.613331,-3.4458e-05,-0.213208,-0.668768,jd
1,110.368,-21.4032,359.703,80.4152,17.5436,322.31,61.7433,jt,0.613331,-3.4458e-05,-0.213208,-0.668768,jd
1,113.828,-27.8722,365.515,124.16,30.8147,327.907,70.4649,jt,0.613331,-3.4458e-05,-0.213208,-0.668768,jd
1,122.206,-33.7299,372.21,147.514,30.2759,398.073,73.5267,jt,0.613331,-3.4458e-05,-0.213208,-0.668768,jd
1,138.312,-28.6508,349.049,124.16,30.8147,327.907,64.6793,jt,0.613331,-3.4458e-05,-0.213208,-0.668768,jd
1,142.917,-26.2319,360.189,124.16,30.8147,327.907,68.1783,jt,0.613331,-3.4458e-05,-0.213208,-0.668768,jd
1,141.068,-23.6653,365.137,147.514,30.2759,398.073,63.5296,jt,0.613331,-3.4458e-05,-0.213208,-0.668768,jd
1,152.614,-24.8616,390.151,147.514,30.2759,398.073,55.9367,jt,0.613331,-3.4458e-05,-0.213208,-0.668768,jd
1,155.971,-28.4717,426.953,147.514,30.2759,398.073,66.0066,jt,0.613331,-3.4458e-05,-0.213208,-0.668768,jd
1,154.991,-30.3584,456.047,147.514,30.2759,398.073,84.2223,jt,0.613331,-3.4458e-05,-0.213208,-0.668768,jd
1,155.493,-28.928,458.804,147.514,30.2759,398.073,85.1882,jt,0.613331,-3.4458e-05,-0.213208,-0.668768,jd
1,153.714,-28.1864,460.81,147.514,30.2759,398.073,85.9778,jt,0.613331,-3.4458e-05,-0.213208,-0.668768,jd
1,152.119,-35.7921,466.264,147.514,30.2759,398.073,95.0593,jt,0.613331,-3.4458e-05,-0.213208,-0.668768,jd
1,143.04,-36.3045,490.06,98.9201,32.6413,421.395,106.841,jt,0.134905,0.140372,-0.444943,-1.38497,jd
1,148.219,-26.9384,491.524,98.9201,32.6413,421.395,104.394,jt,0.134905,0.140372,-0.444943,-1.38497,jd
1,149.891,-26.5006,474.433,98.9201,32.6413,421.395,94.3868,jt,0.134905,0.140372,-0.444943,-1.38497,jd
1,171.532,-22.662,450.688,147.514,30.2759,398.073,78.4068,jt,0.613331,-3.4458e-05,-0.213208,-0.668768,jd
1,178.521,-32.0523,465.603,147.514,30.2759,398.073,96.9874,jt,0.613331,-3.4458e-05,-0.213208,-0.668768,jd
1,198.021,-31.0055,469.244,147.514,30.2759,398.073,106.638,jt,0.613331,-3.4458e-05,-0.213208,-0.668768,jd
1,196.663,-6.30218,451.079,147.514,30.2759,398.073,81.0139,jt,0.613331,-3.4458e-05,-0.213208,-0.668768,jd
1,194.886,17.4671,430.589,147.514,30.2759,398.073,58.8684,jt,0.613331,-3.4458e-05,-0.213208,-0.668768,jd
1,185.365,25.7701,434.376,147.514,30.2759,398.073,52.6392,jt,0.613331,-3.4458e-05,-0.213208,-0.668768,jd
1,197.521,25.6041,449.955,178.846,77.0887,447.611,54.8171,jt,-0.324245,0.0703965,-0.400543,-0.252805,jd
1,172.129,-5.8012,465.107,147.514,30.2759,398.073,80.0061,jt,0.613331,-3.4458e-05,-0.213208,-0.668768,jd
1,172.432,11.0882,439.924,147.514,30.2759,398.073,52.3504,jt,0.613331,-3.4458e-05,-0.213208,-0.668768,jd
1,180.391,28.2686,406.022,147.514,30.2759,398.073,33.8843,jt,0.613331,-3.4458e-05,-0.213208,-0.668768,jd
1,175.916,41.9044,401.38,147.514,30.2759,398.073,30.8679,jt,0.613331,-3.4458e-05,-0.213208,-0.668768,jd
1,175.099,51.9275,426.095,178.846,77.0887,447.611,33.3173,jt,-0.324245,0.0703965,-0.400543,-0.252805,jd
1,165.99,11.2223,437.367,147.514,30.2759,398.073,47.4173,jt,0.613331,-3.4458e-05,-0.213208,-0.668768,jd
1,164.413,-5.73693,425.125,147.514,30.2759,398.073,48.1073,jt,0.613331,-3.4458e-05,-0.213208,-0.668768,jd
1,166.533,-16.1957,406.477,147.514,30.2759,398.073,50.9115,jt,0.613331,-3.4458e-05,-0.213208,-0.668768,jd
1,154.415,-16.5037,369.604,147.514,30.2759,398.073,55.1947,jt,0.613331,-3.4458e-05,-0.213208,-0.668768,jd
1,150.707,-14.3633,345.211,124.16,30.8147,327.907,55.1834,jt,0.613331,-3.4458e-05,-0.213208,-0.668768,jd
1,148.922,-11.4853,327.082,124.16,30.8147,327.907,49.0221,jt,0.613331,-3.4458e-05,-0.213208,-0.668768,jd
1,142.666,-8.26974,332.119,124.16,30.8147,327.907,43.4491,jt,0.613331,-3.4458e-05,-0.213208,-0.668768,jd
1,139.508,-8.92294,338.84,124.16,30.8147,327.907,43.9794,jt,0.613331,-3.4458e-05,-0.213208,-0.668768,jd
1,137.997,-8.66597,340.528,124.16,30.8147,327.907,43.6977,jt,0.613331,-3.4458e-05,-0.213208,-0.668768,jd
1,136.245,-8.90631,341.89,124.16,30.8147,327.907,43.8103,jt,0.613331,-3.4458e-05,-0.213208,-0.668768,jd
1,137.558,-8.15496,343.675,124.16,30.8147,327.907,44.1223,jt,0.613331,-3.4458e-05,-0.213208,-0.668768,jd
1,136.007,-10.013,345.789,124.16,30.8147,327.907,46.1196,jt,0.613331,-3.4458e-05,-0.213208,-0.668768,jd
1,137.25,-9.01813,351.749,124.16,30.8147,327.907,48.2333,jt,0.613331,-3.4458e-05,-0.213208,-0.668768,jd
1,139.002,-10.6908,352.172,124.16,30.8147,327.907,50.317,jt,0.613331,-3.4458e-05,-0.213208,-0.668768,jd
1,141.218,-9.13426,354.02,124.16,30.8147,327.907,50.6834,jt,0.613331,-3.4458e-05,-0.213208,-0.668768,jd
1,148.082,-11.6279,347.651,124.16,30.8147,327.907,52.569,jt,0.613331,-3.4458e-05,-0.213208,-0.668768,jd
1,713.748,-88.9286,-269.079,145.843,82.8003,313.401,831.438,jt,1.15249,0.202583,-0.35138,-0.21339,jd
1,678.648,-126.39,-259.705,145.843,82.8003,313.401,809.996,jt,1.15249,0.202583,-0.35138,-0.21339,jd
1,715.444,-134.353,-311.062,145.843,82.8003,313.401,872.671,jt,1.15249,0.202583,-0.35138,-0.21339,jd
1,706.442,-132.957,-301.442,145.843,82.8003,313.401,859.566,jt,1.15249,0.202583,-0.35138,-0.21339,jd
1,811.807,-152.908,-421.41,97.5638,77.4451,510.068,1196.18,jt,-0.468756,0.470897,0.0129003,-1.01899,jd
1,691.917,-129.267,-286.136,145.843,82.8003,313.401,838.221,jt,1.15249,0.202583,-0.35138,-0.21339,jd
1,657.241,-124.734,-246.646,145.843,82.8003,313.401,786.29,jt,1.15249,0.202583,-0.35138,-0.21339,jd
